193.0 3 12
16.0 36 13
93.0 1 14
47.0 1 0
13.0 1 1
203.0 1 2
43.0 1 3
79.0 1 4
26.0 1 5
26.0 4 6
0.0 1 7
8.0 2 8
12.0 1 9
6.0 2 10
314.0 1 11
63.0 3 12
4.0 1 13
0.0 1 14
101.0 2 0
63.0 4 1
14.0 1 2
21.0 2 3
57.0 1 4
96.0 1 5
114.0 2 6
82.0 9 7
86.0 1500 8
159.0 1 9
144.0 1 10
43.0 8 11
27.0 1841 12
67.0 2 13
18.0 1296 14
114.0 8 0
22.0 5 1
74.0 122 2
36.0 1 3
169.0 1 4
22.0 1 5
82.0 1 6
75.0 1887 7
10.0 1 8
48.0 1 9
24.0 9 10
19.0 3 11
59.0 1 12
2.0 1 13
150.0 7 14
31.0 5 0
27.0 1 1
31.0 2454 2
50.0 1 3
75.0 1 4
144.0 1 5
64.0 5 6
71.0 1 7
19.0 1 8
18.0 3 9
8.0 309 10
194.0 5 11
26.0 1 12
13.0 1 13
21.0 1 14
42.0 1 0
22.0 3 1
24.0 1 2
11.0 1 3
264.0 1 4
34.0 1 5
49.0 13801 6
29.0 243 7
65.0 1 8
10.0 2 9
21.0 1 10
219.0 1 11
328.0 1 12
11.0 1 13
62.0 93 14
96.0 1 0
10.0 1 1
19.0 3 2
24.0 2 3
30.0 1 4
123.0 1 5
28.0 1 6
148.0 1 7
73.0 1 8
213.0 3 9
99.0 1 10
15.0 1 11
47.0 1 12
155.0 118 13
12.0 5 14
36.0 8 0
88.0 1 1
78.0 1 2
34.0 1 3
86.0 1 4
112.0 3 5
51.0 1 6
393.0 1 7
103.0 4 8
218.0 1 9
4.0 972 10
152.0 3 11
160.0 1 12
72.0 1 13
65.0 1 14
22.0 1 0
224.0 1 1
25.0 1 2
7.0 1 3
71.0 1 4
25.0 6 5
80.0 9 6
21.0 1 7
58.0 416296 8
125.0 1 9
148.0 1 10
35.0 3 11
118.0 100 12
9.0 2 13
133.0 6 14
39.0 1 0
20.0 1 1
170.0 1459 2
16.0 3 3
18.0 1 4
57.0 4 5
80.0 2109 6
85.0 1 7
2.0 494 8
1.0 1 9
31.0 1 10
37.0 3 11
20.0 1 12
2.0 1 13
122.0 7 14
111.0 625018 0
24.0 1 1
48.0 1 2
186.0 308 3
11.0 128 4
43.0 2 5
14.0 1 6
61.0 2 7
78.0 80118 8
11.0 6 9
77.0 78 10
29.0 1 11
35.0 2 12
60.0 2257 13
66.0 1 14
15.0 1 0
87.0 1 1
83.0 1 2
81.0 1 3
65.0 1 4
78.0 1 5
53.0 1 6
150.0 1 7
63.0 555497 8
135.0 1383 9
7.0 5 10
170.0 1 11
50.0 315 12
118.0 5 13
22.0 60 14
42.0 1 0
25.0 1 1
48.0 1 2
48.0 1 3
20.0 2 4
150.0 2539 5
10.0 208 6
12.0 50 7
10.0 1 8
58.0 1 9
10.0 324 10
90.0 1 11
53.0 3 12
45.0 1 13
5.0 412 14
105.0 1 0
23.0 323 1
91.0 1 2
58.0 1 3
36.0 1 4
17.0 4 5
52.0 1 6
12.0 1 7
134.0 1 8
103.0 2026 9
17.0 1 10
83.0 2206 11
30.0 60577 12
113.0 37424 13
198.0 2 14
34.0 9 0
7.0 504 1
18.0 2 2
99.0 220 3
122.0 3 4
52.0 1 5
93.0 43523 6
42.0 8 7
7.0 1 8
374.0 1 9
7.0 6 10
77.0 2581 11
42.0 1 12
34.0 1 13
71.0 2 14
159.0 1 0
97.0 1 1
16.0 356 2
60.0 2 3
70.0 1 4
88.0 1 5
55.0 741 6
380.0 1 7
49.0 1 8
45.0 3 9
51.0 1 10
22.0 2 11
12.0 6 12
34.0 2 13
79.0 1 14
37.0 101 0
99.0 8 1
46.0 8 2
22.0 1 3
8.0 1 4
109.0 2 5
18.0 3 6
14.0 80 7
11.0 1 8
439.0 6 9
35.0 1 10
121.0 4 11
95.0 1 12
203.0 3 13
9.0 1 14
142.0 7 0
3.0 1467 1
128.0 1 2
5.0 3 3
25.0 1 4
184.0 4 5
95.0 1 6
209.0 1 7
72.0 1 8
10.0 1 9
68.0 469 10
143.0 1 11
29.0 3 12
199.0 1 13
11.0 2 14
63.0 1 0
91.0 5 1
71.0 1 2
28.0 268 3
234.0 1 4
33.0 2 5
9.0 1 6
159.0 63 7
28.0 7 8
158.0 1 9
87.0 1 10
16.0 1 11
2.0 1 12
19.0 1 13
68.0 1755 14
165.0 1 0
101.0 1 1
82.0 1 2
21.0 1 3
27.0 1 4
334.0 55912 5
41.0 1 6
55.0 2694 7
0.0 1 8
52.0 2827 9
157.0 8 10
146.0 1 11
71.0 1 12
104.0 1 13
2.0 1 14
10.0 1 0
18.0 4 1
28.0 2 2
14.0 1 3
85.0 1 4
87.0 1 5
28.0 8 6
15.0 136 7
198.0 1 8
93.0 3 9
4.0 2 10
10.0 1 11
14.0 2 12
150.0 35917 13
135.0 7 14
77.0 7 0
49.0 306 1
126.0 1 2
71.0 6 3
8.0 1 4
26.0 2585 5
3.0 1 6
65.0 1 7
102.0 21 8
143.0 1 9
59.0 137 10
309.0 2 11
174.0 1 12
18.0 1 13
17.0 1 14
5.0 33049 0
37.0 218803 1
52.0 1 2
47.0 1379 3
71.0 8 4
6.0 4 5
4.0 74579 6
137.0 19074 7
9.0 1 8
75.0 1 9
20.0 1 10
212.0 341 11
53.0 1 12
14.0 1 13
83.0 9 14
9.0 1 0
88.0 161 1
29.0 1 2
242.0 8 3
66.0 4 4
36.0 216 5
140.0 496 6
43.0 280 7
16.0 1 8
13.0 1 9
22.0 1 10
2.0 2 11
4.0 1 12
74.0 1 13
63.0 1 14
77.0 1 0
34.0 1 1
48.0 8 2
32.0 1 3
5.0 3 4
101.0 2894 5
33.0 1 6
4.0 1 7
6.0 1 8
78.0 1 9
47.0 1 10
103.0 8 11
119.0 1 12
77.0 1 13
35.0 1 14
80.0 321 0
49.0 2 1
50.0 376 2
145.0 1 3
21.0 1 4
95.0 2 5
103.0 1 6
288.0 1 7
14.0 1 8
43.0 3 9
29.0 2956 10
43.0 238 11
112.0 1 12
176.0 1 13
29.0 2 14
88.0 1 0
39.0 207771 1
35.0 46484 2
49.0 3 3
104.0 1 4
135.0 1 5
147.0 1 6
17.0 1 7
46.0 9 8
106.0 1 9
4.0 328 10
27.0 2 11
61.0 2 12
131.0 1 13
140.0 1 14
46.0 1 0
80.0 3 1
98.0 3 2
116.0 1 3
116.0 6 4
12.0 1 5
23.0 2 6
24.0 1 7
20.0 1 8
40.0 253 9
20.0 1 10
166.0 7 11
20.0 1 12
399.0 337 13
20.0 1 14
74.0 6 0
8.0 670959 1
32.0 1448 2
32.0 184 3
17.0 1 4
25.0 1 5
31.0 1 6
50.0 6 7
111.0 62 8
39.0 9 9
58.0 5 10
9.0 1 11
12.0 1 12
48.0 2 13
7.0 1 14
131.0 1 0
57.0 218 1
70.0 3 2
27.0 19191 3
117.0 250 4
5.0 21 5
24.0 1 6
79.0 235 7
74.0 1 8
229.0 1 9
58.0 6 10
199.0 1 11
4.0 2 12
87.0 1 13
120.0 767 14
39.0 5 0
75.0 1 1
7.0 2 2
110.0 1 3
21.0 7 4
91.0 2 5
41.0 1 6
70.0 8 7
2.0 161 8
104.0 2 9
69.0 1 10
221.0 1 11
13.0 1 12
41.0 1 13
31.0 1 14
63.0 857204 0
79.0 5 1
110.0 1 2
27.0 2 3
8.0 233 4
1.0 1 5
89.0 1 6
71.0 2 7
49.0 6 8
54.0 1 9
20.0 1 10
50.0 1 11
27.0 1 12
11.0 3 13
48.0 1 14
32.0 1 0
36.0 1 1
4.0 3 2
124.0 1 3
6.0 1 4
15.0 8 5
24.0 1 6
389.0 1 7
12.0 27620 8
9.0 4 9
25.0 1 10
2.0 1 11
43.0 1988 12
209.0 1 13
136.0 1 14
71.0 1 0
155.0 1 1
25.0 1 2
40.0 163 3
242.0 4 4
303.0 1 5
8.0 3 6
90.0 1226 7
76.0 1 8
32.0 1 9
0.0 63 10
85.0 1 11
50.0 878436 12
34.0 1 13
44.0 1 14
63.0 3 0
151.0 293 1
100.0 1 2
159.0 1 3
73.0 2 4
82.0 2 5
95.0 4 6
47.0 1 7
11.0 5 8
23.0 1 9
33.0 9 10
24.0 1 11
163.0 1 12
10.0 4 13
204.0 1 14
46.0 2 0
13.0 1 1
126.0 1 2
101.0 1 3
101.0 3 4
90.0 157 5
59.0 8 6
13.0 9 7
57.0 2 8
5.0 2 9
103.0 318 10
52.0 16 11
58.0 5 12
40.0 1 13
110.0 1220 14
73.0 2936 0
39.0 1 1
114.0 1396 2
58.0 1 3
116.0 1 4
87.0 9 5
47.0 2 6
24.0 75 7
23.0 85232 8
46.0 1 9
43.0 204 10
11.0 470342 11
85.0 4 12
50.0 1 13
11.0 2 14
128.0 312 0
7.0 1 1
9.0 1 2
61.0 1 3
42.0 2 4
55.0 1 5
14.0 3 6
24.0 1 7
82.0 288 8
21.0 1 9
42.0 1 10
11.0 229 11
43.0 1 12
100.0 1278 13
26.0 2 14
46.0 8 0
0.0 1 1
31.0 276 2
120.0 1 3
50.0 161 4
15.0 3 5
55.0 1 6
119.0 87247 7
20.0 1 8
42.0 1 9
10.0 1 10
197.0 214 11
73.0 1 12
126.0 2316 13
64.0 1 14
48.0 1 0
38.0 1 1
135.0 1 2
139.0 1 3
45.0 1 4
52.0 1907 5
28.0 1 6
56.0 3 7
17.0 1 8
107.0 1 9
46.0 1 10
27.0 6 11
125.0 4 12
39.0 1 13
18.0 2 14
117.0 1 0
150.0 326 1
24.0 4 2
20.0 1 3
362.0 4 4
145.0 1 5
96.0 7 6
9.0 2825 7
54.0 1 8
26.0 1 9
42.0 4 10
142.0 193 11
251.0 6502 12
105.0 2 13
62.0 4 14
307.0 1 0
162.0 126 1
64.0 6 2
115.0 4 3
81.0 1 4
101.0 1 5
4.0 1 6
165.0 88 7
44.0 1 8
24.0 91498 9
62.0 1 10
67.0 1 11
42.0 1 12
43.0 1 13
36.0 1 14
20.0 9 0
3.0 1 1
5.0 1 2
40.0 1 3
7.0 1 4
20.0 1 5
40.0 7 6
1.0 1 7
56.0 1 8
10.0 1 9
61.0 4 10
57.0 3 11
4.0 1 12
7.0 8 13
241.0 1 14
145.0 1 0
122.0 273 1
21.0 1 2
31.0 1 3
134.0 1 4
1.0 51309 5
168.0 293 6
32.0 4 7
27.0 1 8
13.0 89577 9
153.0 1 10
41.0 7 11
244.0 1 12
93.0 1 13
157.0 1 14
55.0 90 0
57.0 6 1
21.0 1 2
14.0 3 3
95.0 4 4
67.0 44418 5
64.0 1 6
8.0 2 7
6.0 1 8
20.0 74528 9
35.0 1 10
28.0 27 11
87.0 3 12
60.0 1 13
53.0 1 14
20.0 1 0
89.0 191 1
51.0 1 2
246.0 1 3
86.0 1 4
123.0 18 5
52.0 1 6
171.0 1 7
25.0 1 8
31.0 1 9
66.0 3 10
9.0 1 11
20.0 1 12
129.0 1 13
10.0 1 14
113.0 1 0
24.0 1 1
57.0 1 2
53.0 1 3
184.0 1 4
73.0 2 5
28.0 1 6
41.0 1 7
188.0 2 8
113.0 1 9
63.0 1 10
30.0 1 11
87.0 1 12
3.0 1 13
424.0 184593 14
12.0 1 0
22.0 1 1
100.0 1 2
5.0 3 3
1.0 1 4
41.0 1 5
148.0 1 6
1.0 1 7
59.0 302 8
15.0 1 9
122.0 1 10
23.0 55 11
18.0 3 12
40.0 5 13
7.0 1 14
60.0 1 0
5.0 1 1
30.0 3 2
32.0 8 3
255.0 1 4
207.0 3 5
41.0 1 6
20.0 3 7
22.0 3 8
2.0 1 9
70.0 1 10
297.0 1 11
52.0 9 12
81.0 1 13
27.0 1 14
26.0 1 0
126.0 1 1
44.0 1 2
106.0 67 3
43.0 1 4
28.0 1 5
76.0 8 6
125.0 2 7
5.0 32495 8
50.0 1 9
22.0 1 10
100.0 1 11
52.0 2476 12
9.0 4 13
24.0 7 14
24.0 1 0
76.0 1 1
164.0 3 2
44.0 3 3
106.0 1 4
48.0 1 5
28.0 6 6
123.0 2 7
14.0 1 8
1.0 1247 9
146.0 1 10
77.0 1 11
20.0 2 12
13.0 334 13
22.0 1 14
0.0 132 0
0.0 69 1
194.0 1 2
124.0 3 3
68.0 3 4
76.0 9 5
15.0 1282 6
110.0 1 7
78.0 3 8
158.0 1 9
10.0 1 10
6.0 3 11
129.0 166 12
72.0 2 13
132.0 45 14
20.0 1 0
53.0 3 1
55.0 2 2
10.0 120 3
19.0 1 4
58.0 1 5
7.0 1 6
109.0 1 7
39.0 2 8
179.0 8 9
61.0 208 10
9.0 1 11
23.0 1 12
16.0 1 13
43.0 138 14
38.0 3 0
85.0 1 1
260.0 1 2
122.0 1 3
95.0 1 4
9.0 238 5
19.0 7 6
17.0 4 7
70.0 1830 8
305.0 3 9
46.0 257 10
2.0 1 11
3.0 1 12
57.0 2 13
21.0 1 14
7.0 6 0
55.0 1 1
75.0 57 2
188.0 2 3
52.0 16279 4
13.0 1 5
91.0 1 6
168.0 8 7
97.0 1 8
43.0 1 9
16.0 1 10
128.0 1 11
23.0 1 12
73.0 7 13
17.0 1 14
14.0 1 0
17.0 1008 1
157.0 1 2
145.0 337 3
36.0 1 4
136.0 352 5
161.0 4 6
46.0 1 7
44.0 1 8
74.0 346 9
115.0 1 10
8.0 144 11
100.0 127 12
139.0 1 13
41.0 1 14
19.0 1 0
147.0 7 1
89.0 1 2
41.0 1 3
121.0 1 4
37.0 1 5
199.0 4 6
2.0 2 7
56.0 113 8
21.0 105 9
42.0 8 10
17.0 2 11
186.0 309 12
152.0 1 13
96.0 3 14
26.0 5 0
349.0 1 1
50.0 1 2
259.0 1 3
43.0 270829 4
129.0 1 5
17.0 1 6
79.0 1 7
32.0 2 8
20.0 2 9
134.0 1 10
24.0 350 11
6.0 2 12
29.0 1 13
19.0 1 14
5.0 1 0
151.0 3 1
16.0 1 2
4.0 1 3
72.0 8 4
176.0 1 5
139.0 1 6
75.0 5 7
54.0 1 8
0.0 1 9
18.0 1 10
35.0 1 11
20.0 1 12
4.0 1 13
68.0 1 14
88.0 227 0
3.0 270 1
89.0 1 2
79.0 3 3
20.0 1 4
74.0 1 5
9.0 1 6
209.0 1 7
11.0 195 8
150.0 9 9
39.0 1 10
8.0 1 11
326.0 1 12
84.0 9 13
150.0 1 14
38.0 1 0
70.0 1 1
67.0 1 2
86.0 2 3
491.0 1 4
34.0 1 5
73.0 1 6
33.0 2 7
6.0 33121 8
132.0 3 9
60.0 1 10
12.0 4 11
36.0 1 12
13.0 320 13
7.0 3 14
15.0 1 0
3.0 1 1
85.0 276566 2
17.0 1 3
114.0 1 4
345.0 6 5
53.0 1 6
7.0 1 7
93.0 1 8
100.0 2 9
6.0 1 10
17.0 1 11
155.0 3 12
60.0 3 13
29.0 8 14
50.0 1 0
89.0 1 1
217.0 1 2
198.0 8 3
31.0 5 4
30.0 1 5
29.0 1 6
9.0 7 7
1.0 1 8
7.0 7 9
19.0 1 10
122.0 3 11
100.0 1 12
53.0 4 13
48.0 3 14
205.0 1 0
168.0 354 1
220.0 81960 2
509.0 1 3
12.0 8 4
283.0 1 5
6.0 1 6
88.0 57 7
188.0 2 8
109.0 3 9
4.0 1 10
80.0 56021 11
10.0 1 12
35.0 1 13
85.0 7 14
18.0 1 0
69.0 1 1
130.0 88 2
495.0 6 3
116.0 1 4
117.0 1 5
44.0 53838 6
96.0 1 7
22.0 1 8
9.0 309 9
44.0 1 10
9.0 1 11
60.0 1 12
164.0 1 13
6.0 2 14
38.0 1 0
17.0 1 1
113.0 1 2
8.0 1 3
62.0 3 4
17.0 1 5
141.0 1 6
110.0 3 7
8.0 1 8
48.0 2023 9
70.0 3 10
452.0 1 11
2.0 44 12
193.0 4 13
41.0 8 14
41.0 680 0
4.0 2 1
117.0 1 2
81.0 3 3
57.0 86481 4
42.0 5 5
0.0 1 6
31.0 2 7
88.0 1 8
21.0 1 9
7.0 1 10
55.0 1 11
105.0 2 12
54.0 299 13
31.0 1 14
17.0 2 0
14.0 1 1
14.0 1 2
25.0 4 3
157.0 2 4
323.0 1 5
13.0 7 6
34.0 1 7
83.0 1 8
19.0 1 9
93.0 369 10
63.0 1 11
24.0 1 12
128.0 1 13
20.0 9 14
3.0 7 0
113.0 20 1
0.0 3 2
20.0 1 3
131.0 1 4
47.0 1 5
43.0 1 6
215.0 1 7
160.0 1 8
54.0 49427 9
32.0 7 10
137.0 1 11
19.0 1 12
1.0 1 13
67.0 1 14
24.0 1 0
4.0 4 1
39.0 457 2
20.0 1 3
7.0 1 4
12.0 1 5
13.0 1 6
96.0 1 7
49.0 1 8
26.0 2 9
146.0 5 10
9.0 44057 11
7.0 813049 12
150.0 1 13
26.0 1 14
17.0 567 0
49.0 5064 1
11.0 1 2
19.0 1 3
147.0 1 4
33.0 1 5
107.0 2 6
203.0 1 7
22.0 1 8
498.0 1 9
104.0 1 10
30.0 1 11
142.0 2 12
5.0 1 13
45.0 1 14
15.0 4 0
81.0 5 1
24.0 336 2
19.0 1 3
62.0 2 4
76.0 9 5
93.0 1 6
59.0 1 7
50.0 1 8
15.0 2 9
41.0 1 10
142.0 1 11
51.0 1 12
261.0 2 13
165.0 1 14
210.0 1 0
24.0 1 1
58.0 1 2
61.0 1 3
34.0 352 4
325.0 3 5
0.0 1 6
32.0 1 7
29.0 1 8
35.0 79787 9
15.0 259 10
84.0 133 11
122.0 61614 12
28.0 1 13
4.0 7 14
37.0 2 0
54.0 3 1
95.0 1 2
1.0 268 3
94.0 131 4
77.0 95 5
25.0 232 6
2.0 105 7
4.0 316 8
27.0 1 9
11.0 9 10
54.0 1 11
36.0 1 12
71.0 313 13
250.0 1 14
313.0 1 0
207.0 1 1
313.0 1 2
12.0 1751 3
12.0 8 4
92.0 95 5
86.0 2 6
10.0 3 7
141.0 1 8
10.0 4 9
55.0 1 10
100.0 1 11
79.0 1 12
232.0 4 13
98.0 24581 14
5.0 3 0
130.0 1 1
80.0 835194 2
53.0 19572 3
104.0 26600 4
201.0 1 5
75.0 1 6
41.0 7797 7
12.0 4 8
38.0 1 9
45.0 197 10
52.0 1 11
23.0 1 12
98.0 1 13
151.0 1 14
18.0 690 0
48.0 317 1
61.0 1 2
103.0 282 3
24.0 1 4
111.0 3 5
12.0 1 6
94.0 6 7
134.0 28 8
20.0 6 9
107.0 1 10
97.0 4 11
73.0 3 12
85.0 1 13
2.0 1 14
103.0 1 0
38.0 8 1
41.0 9 2
115.0 1 3
134.0 1 4
124.0 6 5
88.0 171 6
55.0 1 7
63.0 1 8
27.0 2 9
237.0 36131 10
20.0 1 11
10.0 1 12
73.0 1 13
11.0 43574 14
102.0 1 0
18.0 1 1
43.0 7 2
35.0 77814 3
62.0 1 4
118.0 1 5
27.0 1 6
27.0 1 7
79.0 1 8
153.0 1 9
4.0 1 10
79.0 1870 11
5.0 3 12
76.0 1 13
44.0 1 14
21.0 1 0
37.0 1 1
95.0 5 2
159.0 3 3
129.0 2 4
19.0 3 5
37.0 1 6
43.0 1 7
36.0 3 8
34.0 1 9
44.0 20476 10
129.0 1 11
155.0 1 12
11.0 1 13
6.0 1 14
118.0 1 0
46.0 7 1
2.0 1 2
18.0 3 3
28.0 1 4
142.0 1 5
265.0 1 6
35.0 1 7
15.0 1 8
88.0 85 9
30.0 100 10
17.0 1 11
29.0 3 12
21.0 1 13
11.0 9 14
34.0 3 0
155.0 852 1
39.0 1 2
200.0 1 3
229.0 1 4
8.0 1 5
269.0 3 6
150.0 1 7
114.0 1 8
36.0 7 9
5.0 1939 10
150.0 1 11
199.0 1 12
81.0 1 13
233.0 1 14
60.0 1 0
112.0 1 1
18.0 121 2
55.0 1 3
45.0 1 4
10.0 2 5
17.0 358 6
3.0 1 7
31.0 2 8
75.0 1 9
4.0 3 10
148.0 2 11
286.0 1 12
5.0 1 13
165.0 1252 14
66.0 4 0
32.0 1 1
91.0 2711 2
32.0 1 3
25.0 934 4
81.0 1 5
7.0 1 6
56.0 152 7
123.0 8 8
46.0 71876 9
18.0 1 10
210.0 1 11
11.0 1345 12
49.0 100 13
8.0 4 14
42.0 1 0
63.0 1 1
34.0 152 2
15.0 1 3
6.0 1 4
55.0 1 5
13.0 1 6
55.0 1 7
15.0 4 8
37.0 644 9
95.0 1 10
36.0 208 11
9.0 1 12
148.0 3 13
175.0 1 14
4.0 1 0
46.0 1 1
181.0 1 2
189.0 1 3
43.0 6 4
60.0 6 5
128.0 1 6
53.0 372 7
47.0 1 8
6.0 1 9
42.0 3 10
0.0 254 11
43.0 3 12
5.0 23523 13
38.0 3 14
47.0 1 0
120.0 8 1
26.0 3 2
14.0 1 3
6.0 9 4
125.0 1 5
23.0 8 6
15.0 1 7
133.0 1 8
146.0 1 9
0.0 1 10
84.0 2 11
81.0 1 12
1.0 2 13
147.0 1 14
9.0 1 0
59.0 5 1
48.0 1 2
49.0 1 3
154.0 1 4
76.0 3 5
24.0 1 6
211.0 7 7
19.0 1 8
70.0 1 9
73.0 1 10
185.0 318 11
26.0 3 12
28.0 1 13
5.0 1 14
71.0 32 0
109.0 6 1
66.0 1 2
13.0 8 3
43.0 2 4
33.0 3 5
31.0 47488 6
75.0 1 7
70.0 1 8
0.0 1 9
11.0 1 10
15.0 1 11
31.0 1 12
74.0 1 13
128.0 1 14
37.0 20542 0
37.0 1 1
68.0 1 2
17.0 1 3
148.0 1 4
58.0 1 5
44.0 1 6
204.0 1 7
10.0 1 8
288.0 1 9
86.0 2 10
69.0 1 11
44.0 1 12
68.0 1 13
13.0 819624 14
22.0 1 0
31.0 22471 1
19.0 1 2
217.0 7 3
1.0 1 4
93.0 77 5
39.0 2 6
150.0 1 7
154.0 1 8
182.0 1 9
84.0 1 10
77.0 261 11
108.0 336 12
162.0 1 13
226.0 2 14
48.0 1 0
9.0 3 1
50.0 6 2
1.0 1 3
51.0 1 4
17.0 4 5
136.0 1 6
36.0 1 7
20.0 1 8
118.0 2 9
18.0 169004 10
405.0 1403 11
82.0 1 12
100.0 2 13
8.0 3 14
162.0 1 0
47.0 7 1
106.0 3 2
245.0 302 3
56.0 1 4
4.0 2 5
52.0 1 6
374.0 1 7
120.0 3 8
190.0 9 9
181.0 78627 10
99.0 1 11
42.0 1026 12
123.0 7 13
37.0 329 14
169.0 1 0
8.0 360 1
232.0 1 2
60.0 3 3
3.0 2 4
24.0 1635 5
47.0 149 6
244.0 3 7
109.0 536 8
92.0 1 9
60.0 1 10
18.0 3355 11
57.0 1 12
60.0 2 13
31.0 1 14
144.0 1 0
75.0 4771 1
46.0 1 2
104.0 1 3
7.0 1 4
50.0 276 5
45.0 1 6
65.0 1 7
104.0 1 8
27.0 114 9
81.0 1 10
17.0 32790 11
62.0 2 12
22.0 1 13
278.0 1 14
28.0 1 0
67.0 4 1
130.0 1 2
58.0 206 3
21.0 1 4
9.0 1 5
2.0 1 6
33.0 1 7
64.0 1 8
38.0 159 9
102.0 2 10
23.0 560 11
38.0 1 12
26.0 2 13
13.0 121 14
76.0 1 0
55.0 3 1
97.0 1 2
45.0 1 3
214.0 1 4
37.0 1 5
58.0 339 6
49.0 1 7
117.0 1 8
33.0 1 9
321.0 52 10
53.0 21001 11
58.0 1 12
193.0 1 13
46.0 356 14
56.0 1 0
90.0 365 1
49.0 1 2
121.0 1 3
97.0 3 4
203.0 4 5
82.0 275 6
73.0 1 7
2.0 1 8
21.0 3 9
36.0 1 10
19.0 1 11
206.0 1 12
48.0 1 13
8.0 7 14
18.0 1 0
18.0 1 1
138.0 1 2
104.0 234 3
104.0 925 4
232.0 23337 5
89.0 1 6
131.0 49250 7
80.0 8 8
199.0 3 9
82.0 2 10
77.0 202 11
23.0 1 12
252.0 5 13
151.0 1 14
16.0 1 0
57.0 1 1
9.0 1 2
25.0 1 3
42.0 7170 4
37.0 337 5
50.0 306 6
25.0 71834 7
18.0 63787 8
174.0 1 9
99.0 3 10
119.0 157 11
56.0 1 12
213.0 2533 13
114.0 3 14
14.0 1 0
54.0 2 1
39.0 1 2
56.0 1 3
506.0 3 4
34.0 1 5
48.0 341 6
65.0 1 7
1.0 1 8
122.0 1 9
101.0 1 10
67.0 2 11
93.0 1 12
29.0 1 13
23.0 6 14
146.0 6 0
16.0 1 1
35.0 2 2
13.0 3 3
128.0 1 4
63.0 724 5
130.0 1 6
3.0 1 7
139.0 1 8
23.0 3 9
214.0 326 10
13.0 2 11
158.0 1 12
85.0 1 13
37.0 92649 14
13.0 1 0
10.0 1 1
39.0 3 2
95.0 1 3
48.0 70046 4
149.0 1 5
141.0 1 6
15.0 2 7
38.0 1 8
33.0 1 9
22.0 2 10
85.0 3 11
22.0 6 12
126.0 1 13
86.0 1 14
167.0 3 0
142.0 618 1
8.0 1 2
44.0 3 3
248.0 4 4
37.0 1956 5
2.0 2 6
4.0 1 7
27.0 5 8
203.0 269 9
16.0 1 10
39.0 1 11
29.0 1 12
13.0 4 13
4.0 1 14
9.0 1 0
269.0 2 1
130.0 1 2
23.0 1745 3
75.0 13 4
25.0 6 5
74.0 401 6
14.0 282 7
74.0 686 8
8.0 158 9
127.0 7 10
90.0 1 11
49.0 30050 12
22.0 1 13
86.0 1 14
17.0 29 0
38.0 25310 1
93.0 7 2
6.0 7 3
193.0 4 4
143.0 1 5
107.0 1 6
45.0 2 7
222.0 1 8
3.0 1 9
85.0 1 10
216.0 1 11
31.0 3 12
31.0 7 13
72.0 1 14
59.0 1 0
104.0 1 1
60.0 1 2
15.0 1 3
75.0 265 4
44.0 1 5
3.0 1 6
32.0 1 7
102.0 1 8
180.0 2 9
42.0 1 10
116.0 1 11
88.0 3 12
15.0 9 13
7.0 9 14
13.0 13947 0
170.0 1 1
117.0 1 2
69.0 1 3
111.0 5 4
171.0 203 5
243.0 1 6
37.0 1 7
75.0 1 8
41.0 1 9
3.0 3 10
2.0 7 11
60.0 8 12
68.0 3 13
135.0 5 14
64.0 1 0
84.0 1 1
190.0 96 2
46.0 208 3
238.0 119 4
38.0 198 5
45.0 4 6
19.0 344 7
11.0 3 8
59.0 1 9
156.0 3 10
64.0 2 11
3.0 1 12
269.0 1 13
23.0 2 14
64.0 1 0
28.0 1 1
232.0 1 2
41.0 1 3
3.0 1 4
2.0 2189 5
58.0 7 6
19.0 1 7
59.0 1 8
43.0 1 9
48.0 290 10
168.0 20425 11
323.0 2 12
309.0 3 13
128.0 1 14
97.0 1 0
6.0 1 1
18.0 1 2
148.0 1 3
36.0 1 4
114.0 3 5
2.0 1 6
118.0 9 7
68.0 7 8
99.0 4 9
23.0 358 10
54.0 1 11
163.0 1 12
103.0 3 13
49.0 1 14
35.0 1 0
6.0 1 1
41.0 1 2
21.0 1 3
56.0 1 4
49.0 1 5
66.0 198 6
65.0 1 7
31.0 1 8
11.0 1 9
187.0 1 10
14.0 2 11
160.0 1 12
28.0 1 13
29.0 7 14
41.0 1 0
8.0 2 1
154.0 5 2
47.0 1 3
47.0 1 4
43.0 1 5
286.0 1 6
354.0 2 7
54.0 4 8
156.0 1 9
14.0 1 10
292.0 215 11
10.0 1 12
0.0 5 13
434.0 2 14
77.0 1 0
98.0 1 1
54.0 4 2
34.0 1 3
105.0 8 4
31.0 589 5
68.0 1 6
243.0 1 7
59.0 1 8
241.0 1 9
39.0 1 10
36.0 1 11
37.0 5 12
24.0 45473 13
31.0 1 14
81.0 1 0
3.0 1 1
48.0 1 2
67.0 1 3
22.0 3 4
144.0 3 5
11.0 1 6
84.0 1 7
198.0 3 8
24.0 2 9
80.0 6 10
77.0 1 11
39.0 1 12
90.0 8 13
74.0 1 14
27.0 1 0
61.0 5 1
100.0 4 2
6.0 1 3
97.0 1 4
33.0 1 5
158.0 1 6
184.0 1 7
58.0 1 8
7.0 1 9
59.0 1 10
88.0 320 11
36.0 1 12
104.0 1 13
17.0 2 14
118.0 2 0
154.0 2510 1
43.0 1 2
115.0 1 3
3.0 1 4
85.0 2 5
147.0 3 6
76.0 1 7
140.0 1 8
167.0 1 9
5.0 8 10
81.0 3 11
23.0 333420 12
47.0 2 13
41.0 1 14
130.0 2 0
20.0 1 1
378.0 1 2
32.0 1 3
70.0 1 4
59.0 1 5
102.0 1 6
3.0 1 7
148.0 1 8
44.0 1 9
50.0 1 10
29.0 3 11
110.0 1 12
183.0 3 13
5.0 1 14
79.0 90111 0
53.0 5 1
40.0 2 2
30.0 1 3
86.0 9 4
21.0 2 5
29.0 8 6
87.0 1 7
31.0 92105 8
74.0 2 9
7.0 1 10
214.0 3 11
56.0 1 12
18.0 1 13
113.0 1 14
93.0 407762 0
34.0 9 1
55.0 1 2
94.0 4 3
27.0 3 4
70.0 4 5
1.0 1 6
56.0 1 7
43.0 1 8
118.0 1 9
3.0 1 10
52.0 1 11
66.0 7 12
41.0 2434 13
72.0 3 14
90.0 1 0
28.0 1 1
19.0 44 2
7.0 336 3
44.0 5 4
55.0 1 5
146.0 1 6
7.0 2 7
48.0 3 8
93.0 1 9
50.0 1 10
86.0 1 11
103.0 3 12
29.0 1 13
5.0 1 14
52.0 1 0
107.0 2 1
3.0 1 2
1.0 42961 3
368.0 1 4
60.0 122 5
9.0 1 6
22.0 2 7
10.0 1 8
373.0 2 9
87.0 6 10
54.0 1 11
25.0 1 12
29.0 1 13
12.0 2 14
88.0 1 0
147.0 1 1
48.0 1 2
30.0 1 3
72.0 1 4
1.0 6 5
29.0 517 6
136.0 1 7
12.0 1 8
66.0 21291 9
64.0 196 10
195.0 5 11
17.0 2 12
70.0 3 13
33.0 1 14
12.0 1 0
178.0 3 1
151.0 1 2
10.0 1 3
13.0 11900 4
2.0 2 5
36.0 1 6
135.0 2 7
87.0 3 8
52.0 1 9
19.0 1 10
4.0 1 11
22.0 1 12
7.0 1 13
162.0 1 14
17.0 2 0
123.0 1 1
3.0 3 2
191.0 1 3
141.0 169 4
14.0 1 5
67.0 2 6
83.0 1 7
123.0 1 8
114.0 291 9
46.0 1841 10
25.0 6276 11
33.0 1 12
145.0 1 13
116.0 1 14
16.0 1 0
0.0 217 1
9.0 5 2
2.0 2 3
5.0 8 4
145.0 1 5
99.0 9 6
70.0 1 7
37.0 1 8
138.0 1 9
94.0 3 10
93.0 46 11
42.0 327 12
93.0 635690 13
8.0 1 14
65.0 314 0
35.0 2 1
247.0 2457 2
19.0 87 3
46.0 1 4
91.0 2 5
23.0 8 6
10.0 5 7
40.0 7 8
26.0 266 9
147.0 1 10
61.0 1 11
8.0 1 12
29.0 1 13
53.0 2 14
34.0 1 0
228.0 188 1
118.0 3 2
28.0 1 3
104.0 1 4
60.0 1 5
47.0 259 6
89.0 1 7
11.0 1 8
38.0 1 9
44.0 194 10
127.0 3 11
11.0 1 12
22.0 1 13
18.0 14016 14
138.0 2971 0
68.0 1 1
60.0 1 2
110.0 1 3
168.0 7 4
149.0 1 5
35.0 1 6
59.0 3 7
48.0 318 8
68.0 18 9
29.0 1 10
46.0 1 11
188.0 1 12
79.0 4 13
30.0 1 14
12.0 1 0
15.0 5 1
16.0 23450 2
97.0 1 3
136.0 1 4
169.0 1 5
30.0 1 6
14.0 2 7
320.0 1 8
10.0 166 9
69.0 5 10
16.0 356 11
109.0 190 12
234.0 2 13
69.0 1 14
13.0 1 0
61.0 1 1
32.0 1 2
117.0 1 3
116.0 4 4
164.0 1 5
76.0 1 6
93.0 1 7
8.0 7 8
51.0 6 9
163.0 1 10
9.0 8 11
11.0 2 12
360.0 1 13
7.0 1 14
33.0 1 0
209.0 1 1
79.0 7 2
20.0 4 3
40.0 1 4
78.0 4 5
15.0 4 6
108.0 7 7
52.0 1 8
79.0 3 9
71.0 1 10
10.0 3 11
120.0 3 12
14.0 1 13
109.0 1851 14
73.0 1 0
59.0 2780 1
2.0 3289 2
43.0 1 3
13.0 295 4
45.0 3 5
22.0 74555 6
55.0 1 7
127.0 1 8
4.0 1 9
19.0 2 10
70.0 1 11
45.0 1 12
62.0 3 13
29.0 236 14
10.0 1 0
41.0 1 1
35.0 1 2
10.0 1 3
175.0 1 4
185.0 1 5
38.0 1 6
106.0 1 7
6.0 2 8
38.0 1 9
220.0 8 10
71.0 134 11
249.0 373 12
1.0 1 13
55.0 8 14
45.0 3 0
63.0 2 1
96.0 909032 2
24.0 1 3
155.0 2 4
97.0 3 5
1.0 1 6
264.0 4 7
6.0 1 8
77.0 1 9
40.0 1 10
68.0 1 11
24.0 15 12
112.0 1 13
146.0 1 14
4.0 2260 0
53.0 1 1
4.0 8 2
28.0 1187 3
34.0 2 4
40.0 1 5
195.0 3 6
7.0 190 7
139.0 1 8
38.0 2 9
365.0 1 10
4.0 2677 11
150.0 367 12
23.0 2 13
80.0 16353 14
107.0 1 0
147.0 1 1
105.0 1 2
139.0 2 3
27.0 4 4
183.0 3 5
39.0 1 6
58.0 1 7
122.0 324 8
23.0 3 9
11.0 2 10
42.0 1 11
176.0 1 12
75.0 1 13
202.0 3 14
12.0 1 0
43.0 1 1
93.0 1 2
28.0 1 3
148.0 40 4
62.0 1 5
101.0 3 6
109.0 3 7
14.0 6 8
110.0 1 9
67.0 1 10
21.0 1 11
70.0 3 12
26.0 6 13
26.0 1 14
99.0 1 0
37.0 1 1
130.0 1 2
153.0 9 3
47.0 4 4
5.0 1 5
83.0 1 6
68.0 9 7
193.0 859459 8
57.0 3 9
5.0 308 10
85.0 3 11
235.0 1 12
48.0 1 13
164.0 1 14
3.0 1 0
93.0 5 1
39.0 3 2
170.0 3 3
36.0 3 4
10.0 1 5
77.0 1 6
45.0 695916 7
63.0 1 8
87.0 281 9
56.0 1 10
1.0 2 11
2.0 262 12
62.0 2516 13
107.0 1 14
177.0 1 0
201.0 1 1
9.0 1 2
45.0 7 3
218.0 1 4
42.0 1 5
85.0 1 6
19.0 64261 7
153.0 1 8
70.0 69934 9
69.0 39955 10
35.0 1 11
41.0 1 12
13.0 3 13
66.0 4 14
41.0 4 0
16.0 1 1
47.0 1 2
116.0 1 3
110.0 1 4
12.0 1 5
56.0 4 6
36.0 1 7
0.0 1 8
251.0 1 9
104.0 1 10
36.0 8 11
101.0 8 12
30.0 1 13
65.0 1 14
33.0 1 0
115.0 9 1
24.0 1 2
54.0 625584 3
37.0 1 4
189.0 2 5
22.0 1663 6
12.0 5 7
95.0 1 8
30.0 1 9
42.0 1 10
1.0 2 11
34.0 1 12
13.0 3 13
59.0 1 14
89.0 2 0
101.0 1 1
44.0 1 2
14.0 2 3
30.0 28140 4
30.0 1 5
70.0 6 6
46.0 2 7
62.0 51 8
5.0 1 9
48.0 27 10
37.0 1 11
12.0 319 12
87.0 4 13
25.0 1 14
56.0 1 0
20.0 2 1
81.0 3 2
76.0 1 3
114.0 1 4
185.0 4 5
179.0 1 6
10.0 1 7
44.0 3 8
85.0 1 9
8.0 1 10
58.0 1 11
54.0 205 12
14.0 1 13
15.0 1 14
117.0 3 0
190.0 1 1
28.0 1 2
97.0 5 3
41.0 1 4
83.0 1 5
132.0 1 6
94.0 237 7
111.0 3 8
19.0 1 9
16.0 3 10
14.0 1 11
51.0 2161 12
88.0 1 13
12.0 67424 14
81.0 2 0
53.0 3 1
39.0 14883 2
59.0 501 3
105.0 1 4
108.0 1 5
83.0 2 6
81.0 1 7
18.0 1 8
56.0 3 9
8.0 1633 10
129.0 1 11
90.0 357 12
8.0 8 13
41.0 1 14
200.0 3 0
25.0 6 1
53.0 1 2
73.0 1 3
233.0 1 4
89.0 4 5
113.0 39 6
24.0 1 7
54.0 30 8
8.0 1 9
92.0 637 10
33.0 1 11
41.0 174 12
7.0 131 13
215.0 82130 14
57.0 2 0
75.0 1 1
74.0 1 2
71.0 2 3
185.0 1 4
14.0 1 5
20.0 7 6
50.0 1 7
51.0 1 8
25.0 1 9
46.0 91 10
200.0 1 11
15.0 1 12
181.0 89710 13
92.0 1 14
62.0 1 0
22.0 1 1
23.0 9 2
95.0 2 3
25.0 1 4
286.0 1 5
30.0 1 6
175.0 1 7
24.0 1 8
51.0 1 9
18.0 1 10
170.0 1 11
113.0 4 12
2.0 2 13
10.0 3 14
68.0 52749 0
27.0 1 1
38.0 1 2
44.0 4 3
28.0 1 4
12.0 3 5
49.0 2 6
65.0 32174 7
128.0 1 8
155.0 1 9
177.0 699 10
37.0 1 11
55.0 1 12
63.0 1 13
6.0 1 14
13.0 1 0
90.0 23296 1
257.0 2025 2
36.0 2251 3
39.0 1 4
17.0 3 5
218.0 1095 6
156.0 1 7
28.0 1 8
72.0 1 9
142.0 2 10
69.0 1 11
152.0 1 12
152.0 3 13
12.0 1 14
47.0 1 0
161.0 135 1
14.0 2428 2
29.0 344 3
20.0 79638 4
96.0 1 5
15.0 1 6
88.0 6 7
51.0 52858 8
14.0 159 9
59.0 1 10
53.0 1 11
91.0 7 12
22.0 1 13
36.0 8 14
28.0 1 0
10.0 2 1
20.0 283674 2
19.0 1 3
16.0 1 4
218.0 9 5
8.0 3 6
50.0 1 7
25.0 26 8
109.0 1 9
33.0 4 10
28.0 1 11
35.0 9 12
167.0 1 13
21.0 1 14
96.0 1 0
226.0 1 1
67.0 1 2
14.0 55782 3
31.0 1 4
59.0 336 5
34.0 1 6
21.0 316985 7
125.0 6 8
76.0 1 9
28.0 9 10
2.0 186 11
41.0 1 12
7.0 2 13
67.0 215 14
3.0 2936 0
266.0 7 1
11.0 16456 2
128.0 332 3
63.0 264 4
3.0 1 5
101.0 1 6
91.0 1 7
87.0 1 8
72.0 1 9
183.0 6 10
17.0 1 11
10.0 1 12
74.0 64 13
25.0 7 14
94.0 4 0
218.0 1 1
85.0 49 2
27.0 1 3
6.0 6 4
76.0 1 5
20.0 1 6
0.0 8 7
286.0 1 8
13.0 6 9
68.0 1 10
22.0 707 11
38.0 9 12
52.0 1 13
83.0 1 14
1.0 1 0
96.0 1 1
43.0 1 2
9.0 1 3
6.0 5 4
30.0 1 5
5.0 1 6
52.0 654 7
45.0 581 8
245.0 1 9
326.0 1 10
29.0 248 11
38.0 4 12
3.0 1 13
40.0 1 14
1.0 1 0
0.0 1 1
11.0 1 2
48.0 1 3
38.0 308 4
167.0 5 5
63.0 556 6
2.0 3 7
39.0 1 8
11.0 1 9
24.0 1 10
25.0 90160 11
543.0 1 12
3.0 1 13
122.0 5 14
73.0 96 0
7.0 1 1
40.0 1 2
171.0 606 3
44.0 1 4
106.0 1925 5
116.0 1 6
43.0 1 7
184.0 3 8
9.0 1 9
67.0 1 10
1.0 1 11
140.0 2 12
176.0 1 13
9.0 5962 14
29.0 1 0
155.0 5 1
139.0 1 2
21.0 1 3
239.0 4 4
14.0 53807 5
18.0 1 6
15.0 4 7
95.0 1 8
13.0 1 9
20.0 1 10
80.0 178569 11
27.0 290 12
94.0 58674 13
48.0 1 14
104.0 5 0
410.0 1 1
46.0 1 2
13.0 372 3
24.0 1 4
29.0 1 5
135.0 1 6
4.0 3 7
21.0 59373 8
117.0 1 9
190.0 1 10
150.0 1 11
27.0 2 12
7.0 3 13
79.0 1 14
46.0 2 0
21.0 1 1
58.0 1 2
3.0 1 3
28.0 1 4
196.0 1 5
86.0 3 6
133.0 1 7
35.0 1 8
57.0 1 9
54.0 9 10
217.0 1 11
269.0 3 12
33.0 1 13
145.0 1 14
32.0 3 0
43.0 1 1
70.0 2531 2
177.0 3 3
92.0 1 4
98.0 1 5
5.0 1 6
245.0 1 7
86.0 1 8
117.0 2 9
81.0 3 10
34.0 140 11
128.0 4 12
18.0 1 13
137.0 5 14
14.0 8 0
23.0 2 1
45.0 289 2
4.0 1 3
133.0 1 4
396.0 1347 5
59.0 1 6
119.0 178 7
227.0 1 8
39.0 1 9
43.0 3 10
105.0 1 11
80.0 4 12
113.0 634 13
36.0 348 14
265.0 1 0
107.0 1 1
233.0 1 2
5.0 2 3
10.0 160123 4
80.0 210 5
157.0 1 6
37.0 1 7
35.0 3 8
31.0 1 9
90.0 2 10
200.0 1 11
7.0 1 12
89.0 58 13
83.0 1 14
10.0 395789 0
6.0 377334 1
247.0 1 2
63.0 1 3
35.0 8 4
61.0 80938 5
352.0 4 6
16.0 1 7
29.0 1 8
6.0 3 9
78.0 1 10
247.0 3 11
31.0 55 12
57.0 1 13
37.0 2 14
56.0 1 0
138.0 1 1
36.0 1 2
13.0 3 3
80.0 1 4
14.0 136 5
32.0 2 6
161.0 1899 7
72.0 1115 8
116.0 1 9
9.0 1 10
191.0 2 11
12.0 1 12
140.0 1080 13
65.0 154 14
13.0 1 0
58.0 1 1
34.0 1 2
126.0 1 3
87.0 1 4
234.0 220 5
5.0 267 6
118.0 83490 7
28.0 1 8
25.0 3 9
181.0 105 10
171.0 1 11
116.0 935783 12
19.0 39355 13
39.0 1 14
28.0 1 0
90.0 1 1
57.0 1 2
34.0 1 3
29.0 1 4
32.0 1 5
208.0 1 6
195.0 2 7
51.0 1 8
115.0 1 9
139.0 184 10
177.0 1 11
233.0 1 12
22.0 3 13
76.0 1 14
35.0 4 0
37.0 1644 1
58.0 2 2
7.0 2 3
100.0 3 4
7.0 1 5
18.0 1 6
76.0 1 7
31.0 1 8
46.0 132 9
12.0 1 10
102.0 1 11
23.0 1778 12
70.0 186 13
2.0 1 14
31.0 4 0
174.0 1 1
66.0 1 2
37.0 1 3
54.0 7 4
17.0 1479 5
123.0 1 6
12.0 1 7
40.0 21007 8
67.0 1 9
231.0 173 10
102.0 19 11
113.0 2 12
8.0 16949 13
180.0 1 14
74.0 1 0
74.0 1 1
34.0 1 2
45.0 1 3
0.0 1 4
23.0 331 5
18.0 18382 6
37.0 80 7
97.0 268 8
190.0 1 9
24.0 1 10
41.0 1 11
146.0 1198 12
236.0 9 13
67.0 1 14
42.0 1 0
98.0 9 1
8.0 1 2
67.0 1 3
19.0 1 4
38.0 3 5
11.0 2516 6
73.0 1 7
69.0 7 8
309.0 8 9
130.0 1 10
191.0 1493 11
12.0 8 12
26.0 303 13
56.0 1 14
26.0 533546 0
18.0 1 1
20.0 1 2
3.0 1 3
18.0 1 4
133.0 1 5
20.0 1 6
90.0 1 7
45.0 1 8
69.0 4 9
77.0 1 10
13.0 3 11
47.0 2765 12
6.0 1 13
148.0 2 14
58.0 4 0
246.0 1 1
27.0 1 2
30.0 1 3
20.0 1 4
1.0 1 5
4.0 2 6
16.0 2624 7
7.0 1 8
62.0 1 9
10.0 299 10
5.0 4 11
7.0 451 12
21.0 8741 13
240.0 1 14
101.0 42332 0
120.0 284 1
23.0 2 2
227.0 1 3
10.0 1 4
68.0 1 5
97.0 5 6
5.0 1 7
16.0 1 8
80.0 3 9
71.0 5 10
133.0 1 11
56.0 1 12
20.0 7389 13
13.0 1 14
145.0 1 0
157.0 3 1
75.0 34784 2
15.0 1 3
70.0 8 4
30.0 1 5
51.0 3 6
55.0 1 7
123.0 116498 8
25.0 35 9
7.0 1 10
9.0 1 11
150.0 1 12
38.0 2 13
75.0 1 14
58.0 1 0
46.0 1 1
46.0 1 2
69.0 1 3
15.0 1 4
69.0 1 5
52.0 6 6
46.0 1 7
6.0 1 8
52.0 3 9
52.0 1 10
26.0 1 11
1.0 5 12
45.0 1 13
24.0 1 14
41.0 1 0
17.0 7 1
14.0 1 2
29.0 8 3
65.0 1 4
9.0 2399 5
97.0 2 6
62.0 8 7
29.0 1 8
51.0 1 9
161.0 2 10
4.0 8 11
50.0 2271 12
203.0 3 13
1.0 1 14
56.0 1 0
30.0 3 1
129.0 1 2
23.0 126 3
82.0 1 4
96.0 157 5
48.0 1 6
78.0 261 7
90.0 1 8
10.0 1 9
47.0 4 10
17.0 1 11
16.0 2467 12
40.0 1 13
130.0 1 14
27.0 105 0
128.0 1 1
67.0 31788 2
114.0 1 3
106.0 1 4
25.0 13653 5
89.0 1 6
72.0 1 7
32.0 3 8
318.0 1 9
106.0 3 10
34.0 7 11
16.0 1 12
180.0 3 13
14.0 1 14
111.0 3 0
23.0 1 1
195.0 1 2
44.0 9 3
36.0 1 4
27.0 2 5
83.0 1 6
49.0 5 7
99.0 1 8
2.0 26023 9
163.0 2 10
197.0 69847 11
149.0 1 12
286.0 1 13
32.0 369 14
33.0 1 0
154.0 1 1
58.0 1 2
119.0 198 3
15.0 1416 4
52.0 847 5
214.0 8 6
145.0 1 7
76.0 117 8
60.0 1 9
8.0 1 10
97.0 1 11
4.0 310 12
17.0 1 13
28.0 1 14
91.0 1 0
206.0 2031 1
18.0 1 2
73.0 13458 3
13.0 1 4
55.0 266 5
5.0 1 6
150.0 1 7
38.0 1 8
124.0 1 9
2.0 1 10
106.0 1 11
102.0 1 12
17.0 1 13
16.0 1 14
129.0 220 0
43.0 45042 1
7.0 1 2
1.0 1 3
5.0 8 4
2.0 1 5
76.0 1 6
96.0 1 7
68.0 1 8
78.0 1 9
78.0 252 10
36.0 1 11
12.0 1 12
179.0 3 13
54.0 1 14
263.0 1 0
12.0 174 1
85.0 1 2
84.0 432 3
4.0 1 4
129.0 1 5
54.0 1 6
165.0 7 7
26.0 2 8
27.0 1 9
30.0 1 10
41.0 1 11
236.0 1 12
8.0 332 13
17.0 3 14
21.0 1839 0
27.0 1 1
179.0 978 2
103.0 1 3
73.0 1156 4
167.0 10 5
85.0 1 6
50.0 1 7
91.0 2 8
61.0 334 9
32.0 1 10
140.0 1 11
54.0 3 12
33.0 8 13
46.0 1 14
0.0 1 0
25.0 37742 1
1.0 1 2
96.0 1 3
1.0 1 4
54.0 1 5
102.0 277 6
8.0 4 7
8.0 1 8
40.0 2 9
164.0 2 10
94.0 4 11
41.0 2 12
2.0 1 13
124.0 524 14
0.0 1 0
85.0 1 1
146.0 1 2
148.0 1 3
41.0 1 4
29.0 2 5
52.0 1 6
17.0 1 7
244.0 1 8
184.0 2 9
34.0 100 10
61.0 1 11
182.0 1 12
69.0 658 13
258.0 17961 14
50.0 3 0
146.0 1 1
46.0 6 2
13.0 255 3
147.0 1 4
31.0 1 5
40.0 16 6
167.0 5 7
29.0 1 8
49.0 1 9
70.0 1 10
4.0 4 11
32.0 1 12
81.0 84735 13
116.0 172 14
53.0 2 0
410.0 1 1
10.0 1 2
0.0 8 3
24.0 1 4
19.0 1 5
147.0 2 6
131.0 6 7
92.0 1 8
74.0 1 9
175.0 34 10
59.0 60 11
64.0 6 12
52.0 1 13
16.0 1 14
31.0 8 0
237.0 2553 1
35.0 1851 2
59.0 1 3
113.0 309 4
130.0 4 5
207.0 9 6
140.0 1 7
203.0 152 8
9.0 1 9
216.0 1 10
38.0 1 11
87.0 7 12
180.0 1 13
53.0 1 14
119.0 1 0
129.0 1 1
59.0 1 2
10.0 1 3
151.0 391 4
138.0 52318 5
62.0 1 6
2.0 1343 7
42.0 5 8
113.0 2161 9
91.0 1 10
20.0 1 11
87.0 1 12
26.0 2 13
22.0 1 14
5.0 4 0
87.0 1 1
163.0 1 2
63.0 2 3
94.0 3 4
82.0 1 5
49.0 1 6
75.0 3 7
86.0 8 8
2.0 1 9
14.0 3 10
237.0 5 11
2.0 2 12
79.0 1 13
27.0 1 14
102.0 2 0
27.0 1 1
25.0 1 2
48.0 1 3
39.0 3 4
20.0 1002 5
321.0 1 6
48.0 1 7
16.0 6 8
35.0 1 9
152.0 186 10
68.0 1 11
80.0 2 12
41.0 3 13
38.0 1 14
107.0 1 0
93.0 3 1
30.0 2 2
160.0 1 3
45.0 4 4
136.0 2 5
198.0 1 6
23.0 8 7
101.0 1 8
31.0 1 9
5.0 1 10
39.0 2108 11
181.0 1 12
119.0 3 13
162.0 1 14
36.0 1562 0
13.0 318 1
13.0 1 2
163.0 1 3
1.0 2 4
45.0 1 5
19.0 1 6
95.0 2 7
406.0 1 8
47.0 1 9
24.0 2 10
91.0 1 11
113.0 2 12
43.0 1 13
11.0 1 14
54.0 9 0
14.0 1 1
33.0 1 2
20.0 1 3
259.0 1 4
26.0 1 5
41.0 7 6
182.0 1 7
45.0 1 8
34.0 39906 9
63.0 6 10
67.0 1 11
63.0 1 12
70.0 1 13
95.0 168 14
83.0 8 0
200.0 3 1
219.0 2 2
12.0 1 3
86.0 1 4
7.0 1 5
67.0 3 6
1.0 2161 7
113.0 5 8
126.0 3 9
49.0 1 10
18.0 1 11
53.0 2 12
191.0 1 13
15.0 1 14
45.0 1 0
97.0 1 1
88.0 1 2
3.0 1 3
9.0 1 4
12.0 1 5
185.0 2 6
191.0 1 7
177.0 1 8
87.0 1 9
33.0 1 10
76.0 257 11
