62.0 1 13
96.0 2 14
132.0 1 0
2.0 327 1
73.0 1 2
35.0 8 3
87.0 8 4
207.0 7 5
64.0 1 6
63.0 340 7
196.0 1 8
3.0 1 9
187.0 1 10
242.0 2 11
28.0 1 12
145.0 1 13
4.0 1 14
53.0 179 0
26.0 2 1
424.0 68 2
62.0 3 3
47.0 1 4
18.0 1 5
36.0 2 6
133.0 1 7
254.0 48 8
3.0 1 9
24.0 1 10
61.0 2757 11
426.0 7 12
8.0 1 13
58.0 2 14
133.0 9 0
1.0 1 1
4.0 33326 2
70.0 28173 3
102.0 302 4
155.0 1 5
70.0 1 6
302.0 1 7
24.0 1 8
130.0 1 9
67.0 1 10
22.0 37480 11
234.0 1 12
75.0 1 13
6.0 1 14
31.0 1 0
12.0 1 1
55.0 1 2
2.0 3 3
13.0 1 4
124.0 1 5
138.0 9 6
1.0 219 7
143.0 3 8
12.0 1 9
1.0 1 10
202.0 1 11
122.0 1 12
4.0 1 13
344.0 1 14
257.0 3 0
35.0 3 1
130.0 6 2
2.0 1 3
53.0 4 4
140.0 1 5
276.0 1 6
170.0 1 7
116.0 1 8
110.0 1 9
42.0 736 10
152.0 917605 11
164.0 1 12
96.0 1 13
10.0 1 14
55.0 1 0
48.0 1 1
86.0 90 2
104.0 1 3
98.0 1 4
62.0 1 5
156.0 1 6
5.0 218 7
54.0 2 8
10.0 90900 9
17.0 1 10
59.0 1 11
92.0 249751 12
71.0 3 13
75.0 4 14
104.0 59 0
22.0 1 1
41.0 2 2
99.0 3 3
49.0 1 4
92.0 3 5
105.0 5 6
149.0 1 7
187.0 1 8
84.0 1 9
23.0 2 10
96.0 1 11
127.0 1 12
134.0 1 13
137.0 1 14
4.0 133 0
23.0 69897 1
16.0 1 2
15.0 2 3
158.0 3 4
135.0 1 5
95.0 1 6
81.0 2 7
82.0 1 8
8.0 4 9
0.0 1 10
129.0 1 11
12.0 2306 12
282.0 1 13
73.0 1 14
165.0 1 0
16.0 9 1
175.0 1 2
83.0 55 3
238.0 10160 4
6.0 142 5
33.0 1 6
21.0 1 7
196.0 1 8
252.0 176 9
10.0 1190 10
14.0 2 11
170.0 1 12
19.0 6503 13
56.0 2 14
221.0 33441 0
258.0 1 1
342.0 1 2
17.0 1016 3
181.0 61439 4
96.0 84315 5
80.0 79087 6
9.0 8 7
38.0 1 8
15.0 1 9
31.0 1 10
68.0 1 11
181.0 1 12
111.0 6 13
103.0 1 14
199.0 1 0
188.0 1 1
27.0 1 2
22.0 633 3
277.0 1 4
3.0 1 5
127.0 42 6
102.0 6 7
50.0 1 8
11.0 3 9
38.0 3 10
59.0 298686 11
123.0 1 12
29.0 1 13
189.0 6 14
116.0 1 0
186.0 1 1
425.0 76 2
97.0 4 3
27.0 696957 4
119.0 1 5
1.0 6 6
34.0 4 7
121.0 136 8
16.0 1 9
66.0 1 10
542.0 1 11
174.0 1 12
71.0 1 13
30.0 1691 14
206.0 1 0
387.0 1 1
35.0 83 2
104.0 87 3
199.0 1 4
95.0 1 5
1.0 1 6
69.0 1 7
13.0 1 8
92.0 1 9
312.0 1965 10
36.0 35774 11
117.0 157 12
27.0 3 13
56.0 1 14
111.0 2 0
52.0 1 1
42.0 2 2
27.0 1 3
265.0 5 4
53.0 3 5
8.0 1 6
177.0 728 7
94.0 1 8
58.0 1 9
138.0 2746 10
90.0 1 11
206.0 1 12
80.0 1 13
32.0 1 14
20.0 1 0
57.0 18473 1
75.0 1 2
16.0 18418 3
114.0 731 4
62.0 8 5
73.0 287 6
87.0 1 7
24.0 5 8
183.0 1 9
75.0 1 10
44.0 1 11
105.0 1 12
24.0 9 13
36.0 371 14
113.0 73804 0
162.0 1 1
91.0 1 2
107.0 124 3
20.0 1859 4
100.0 2 5
108.0 1 6
139.0 375 7
73.0 1 8
86.0 1 9
44.0 1 10
33.0 1 11
201.0 62 12
39.0 1 13
23.0 222 14
122.0 1 0
91.0 9 1
187.0 1 2
216.0 1 3
128.0 1 4
5.0 1 5
1.0 1 6
28.0 1 7
37.0 5 8
99.0 140 9
178.0 1 10
150.0 4 11
146.0 1 12
57.0 4 13
28.0 293 14
13.0 1 0
94.0 1 1
108.0 1 2
181.0 1 3
15.0 1 4
46.0 3 5
14.0 1 6
81.0 1 7
243.0 447 8
104.0 1 9
48.0 6 10
86.0 735346 11
3.0 6 12
43.0 2 13
14.0 1 14
138.0 190 0
30.0 1 1
136.0 1 2
58.0 3 3
35.0 1 4
10.0 1 5
61.0 236 6
95.0 80401 7
73.0 4 8
97.0 1 9
40.0 1 10
46.0 1 11
21.0 82 12
64.0 1 13
20.0 1 14
33.0 1 0
35.0 1241 1
160.0 1 2
143.0 1 3
209.0 2008 4
13.0 4 5
61.0 1 6
40.0 1 7
86.0 1 8
8.0 1 9
16.0 1 10
34.0 250 11
11.0 1 12
17.0 1 13
44.0 1 14
106.0 1 0
67.0 2 1
24.0 2 2
61.0 1 3
213.0 1 4
51.0 1 5
150.0 67981 6
124.0 1 7
181.0 1 8
88.0 3 9
81.0 1 10
5.0 1 11
12.0 1 12
43.0 4 13
38.0 4 14
13.0 1 0
19.0 1 1
16.0 1 2
177.0 1 3
112.0 1 4
60.0 1 5
6.0 1 6
3.0 5 7
33.0 223 8
49.0 2 9
129.0 1 10
84.0 6 11
57.0 1 12
15.0 1 13
155.0 1 14
9.0 1 0
5.0 131 1
60.0 45514 2
209.0 1 3
232.0 1 4
80.0 1 5
27.0 3 6
57.0 1 7
97.0 1 8
38.0 2 9
14.0 18 10
24.0 1 11
41.0 1 12
216.0 3 13
299.0 1 14
192.0 6 0
15.0 2 1
20.0 1 2
1.0 5 3
182.0 41 4
9.0 1 5
160.0 1 6
51.0 1 7
170.0 1 8
177.0 1 9
43.0 7 10
83.0 1 11
21.0 3 12
31.0 7 13
21.0 1 14
9.0 1 0
31.0 5 1
24.0 1 2
7.0 1 3
68.0 1 4
169.0 1 5
142.0 3 6
120.0 3 7
56.0 5 8
96.0 1 9
20.0 316 10
44.0 1 11
27.0 1 12
3.0 3 13
10.0 373 14
138.0 1 0
74.0 1 1
8.0 9 2
112.0 1 3
93.0 125 4
349.0 1 5
218.0 1 6
31.0 1 7
338.0 2 8
224.0 2 9
99.0 1 10
71.0 314 11
64.0 3 12
59.0 1 13
43.0 202 14
20.0 2 0
128.0 7 1
149.0 1 2
33.0 1 3
15.0 3 4
14.0 1 5
29.0 1 6
183.0 9 7
41.0 1 8
134.0 86 9
97.0 2 10
32.0 1 11
6.0 1 12
14.0 4 13
167.0 1 14
316.0 1 0
322.0 1 1
36.0 286 2
11.0 1 3
6.0 4 4
108.0 300 5
37.0 6 6
1.0 3 7
27.0 1 8
43.0 3 9
126.0 334 10
20.0 1 11
80.0 1 12
27.0 1 13
79.0 6 14
151.0 1 0
96.0 2042 1
65.0 1 2
7.0 1 3
60.0 1 4
374.0 7 5
71.0 1 6
246.0 1 7
11.0 1 8
114.0 1 9
17.0 3 10
86.0 1 11
72.0 1 12
334.0 9 13
78.0 4 14
392.0 4 0
56.0 3 1
19.0 1 2
51.0 1875 3
129.0 1 4
11.0 1598 5
129.0 1 6
62.0 1 7
54.0 1 8
2.0 4965 9
1.0 1 10
75.0 2 11
44.0 5 12
126.0 963 13
14.0 1 14
120.0 1 0
373.0 1 1
60.0 1 2
7.0 2 3
7.0 1 4
136.0 1 5
6.0 1 6
77.0 1 7
103.0 3 8
157.0 1 9
29.0 1 10
143.0 1 11
23.0 1 12
247.0 6 13
174.0 2935 14
97.0 1 0
3.0 1 1
57.0 1 2
134.0 3 3
93.0 1 4
89.0 1 5
5.0 1 6
40.0 1 7
74.0 96 8
251.0 4 9
27.0 32812 10
60.0 1 11
99.0 1 12
50.0 1 13
135.0 4 14
52.0 1 0
70.0 2 1
14.0 9 2
181.0 3 3
92.0 1 4
121.0 266 5
129.0 127 6
6.0 1 7
110.0 1 8
123.0 6 9
17.0 4 10
74.0 1 11
372.0 3 12
114.0 1 13
98.0 1 14
61.0 3 0
222.0 563 1
77.0 1 2
10.0 1 3
139.0 1 4
569.0 1 5
22.0 3 6
57.0 170 7
38.0 1 8
82.0 1 9
103.0 3 10
55.0 1 11
285.0 3 12
96.0 1 13
63.0 321 14
126.0 1 0
194.0 1 1
80.0 7 2
118.0 1 3
65.0 1 4
106.0 1 5
123.0 374 6
97.0 2 7
202.0 931 8
149.0 4 9
47.0 1 10
43.0 7 11
20.0 1 12
18.0 1 13
117.0 1 14
57.0 2 0
72.0 76 1
163.0 1 2
25.0 1 3
164.0 1 4
13.0 310 5
8.0 1 6
125.0 1 7
31.0 1 8
22.0 1 9
41.0 1 10
61.0 214 11
111.0 491 12
24.0 1 13
19.0 1 14
76.0 1 0
33.0 53 1
46.0 1 2
117.0 1 3
159.0 3 4
18.0 1 5
246.0 1 6
6.0 214 7
14.0 1 8
27.0 1 9
57.0 355 10
33.0 1 11
31.0 1 12
202.0 1 13
286.0 1 14
104.0 1 0
48.0 1 1
12.0 1 2
7.0 1 3
52.0 1 4
71.0 3 5
37.0 2 6
22.0 1 7
155.0 1 8
35.0 1 9
289.0 1 10
63.0 2 11
51.0 1 12
169.0 1 13
106.0 1 14
5.0 1 0
315.0 2 1
2.0 1 2
49.0 1386 3
18.0 5 4
145.0 313 5
13.0 1 6
105.0 5 7
155.0 1 8
54.0 1413 9
59.0 25473 10
130.0 5 11
3.0 1 12
87.0 255 13
237.0 1 14
54.0 1 0
226.0 1 1
134.0 1 2
13.0 3 3
85.0 1 4
215.0 1 5
476.0 2 6
69.0 320 7
15.0 3 8
148.0 49543 9
1.0 1 10
77.0 1 11
48.0 45 12
246.0 363 13
173.0 1 14
33.0 1 0
69.0 8 1
246.0 1 2
50.0 5 3
17.0 1 4
5.0 1 5
164.0 3 6
252.0 1 7
149.0 1910 8
51.0 1 9
133.0 1 10
117.0 337 11
120.0 1 12
33.0 1 13
18.0 18599 14
153.0 7 0
123.0 1 1
8.0 1 2
55.0 2 3
152.0 2212 4
400.0 3 5
346.0 1 6
36.0 1 7
28.0 397 8
60.0 1 9
81.0 2 10
216.0 2 11
96.0 1 12
1.0 2 13
33.0 1 14
11.0 1 0
53.0 1 1
103.0 1 2
59.0 1 3
193.0 68451 4
71.0 38158 5
10.0 2 6
527.0 260 7
37.0 29099 8
52.0 651937 9
75.0 1 10
16.0 1 11
381.0 1 12
159.0 1 13
37.0 1 14
26.0 1 0
134.0 261 1
60.0 1 2
325.0 1 3
43.0 1 4
71.0 1 5
33.0 1 6
193.0 1 7
33.0 1 8
14.0 298 9
264.0 25 10
4.0 7 11
395.0 1 12
292.0 359244 13
219.0 1 14
149.0 53 0
373.0 1 1
12.0 1 2
29.0 1 3
194.0 1 4
30.0 1 5
79.0 53250 6
111.0 2 7
61.0 1 8
138.0 2 9
24.0 1 10
14.0 1 11
156.0 4 12
228.0 7 13
52.0 1 14
140.0 174 0
50.0 1 1
143.0 2 2
9.0 1 3
29.0 1 4
26.0 8 5
7.0 1 6
74.0 1 7
392.0 1 8
44.0 30 9
561.0 1 10
39.0 4 11
87.0 3 12
408.0 2 13
123.0 894 14
189.0 6 0
19.0 1 1
15.0 3 2
65.0 5 3
188.0 1 4
44.0 9 5
229.0 2 6
50.0 1 7
1.0 1 8
35.0 93559 9
48.0 1 10
102.0 1 11
68.0 1 12
172.0 1 13
48.0 1 14
282.0 1 0
44.0 2 1
6.0 2 2
79.0 1 3
45.0 40786 4
83.0 186 5
173.0 1 6
25.0 1 7
312.0 1 8
16.0 1 9
30.0 1 10
52.0 1 11
132.0 8 12
68.0 1 13
53.0 1 14
5.0 122 0
270.0 1 1
133.0 2785 2
64.0 1 3
249.0 8 4
388.0 2 5
35.0 1557 6
14.0 1 7
35.0 1 8
48.0 1 9
56.0 1 10
42.0 3 11
8.0 1 12
40.0 172382 13
4.0 1 14
227.0 1 0
89.0 1 1
8.0 1 2
556.0 1 3
147.0 1 4
63.0 1 5
199.0 87638 6
155.0 1 7
170.0 1 8
7.0 1 9
160.0 1 10
33.0 63 11
6.0 1 12
337.0 263 13
112.0 1 14
3.0 1 0
193.0 2 1
50.0 8 2
12.0 1 3
97.0 1 4
145.0 1 5
23.0 3 6
30.0 1 7
386.0 1 8
144.0 80 9
378.0 570 10
249.0 4 11
30.0 4 12
60.0 1 13
95.0 1 14
272.0 1 0
3.0 1 1
56.0 52491 2
62.0 1 3
94.0 1 4
34.0 26 5
18.0 9 6
15.0 1 7
32.0 1 8
5.0 2596 9
29.0 1 10
156.0 1 11
132.0 2157 12
126.0 1 13
126.0 1 14
102.0 2 0
43.0 2 1
79.0 1 2
336.0 2 3
11.0 1 4
9.0 3 5
93.0 1 6
79.0 1 7
200.0 1 8
3.0 1 9
9.0 1 10
44.0 1 11
2.0 1 12
108.0 22340 13
63.0 1 14
66.0 82 0
82.0 1 1
91.0 3 2
42.0 1 3
82.0 1 4
37.0 1 5
84.0 679697 6
119.0 1 7
136.0 1 8
78.0 1 9
137.0 1 10
296.0 3 11
57.0 1 12
93.0 350 13
62.0 1 14
221.0 1 0
21.0 1 1
46.0 1616 2
105.0 1 3
32.0 61 4
149.0 209 5
88.0 5 6
15.0 1 7
28.0 2 8
47.0 1 9
36.0 2 10
20.0 3 11
24.0 958 12
10.0 1 13
216.0 1 14
251.0 1 0
20.0 1 1
50.0 372 2
22.0 1 3
142.0 147 4
120.0 2 5
24.0 1 6
229.0 1 7
299.0 5 8
1.0 1 9
3.0 1 10
36.0 1 11
62.0 928 12
123.0 1 13
296.0 324 14
76.0 1 0
73.0 2 1
59.0 6 2
30.0 3 3
214.0 1 4
169.0 1 5
45.0 9 6
165.0 1582 7
229.0 2 8
133.0 1 9
13.0 1 10
235.0 8 11
100.0 1300 12
90.0 198 13
144.0 1 14
177.0 5 0
254.0 1 1
49.0 1 2
107.0 163 3
8.0 1 4
24.0 116 5
179.0 1 6
179.0 2 7
21.0 1 8
87.0 1 9
59.0 47 10
40.0 1 11
62.0 2692 12
3.0 4 13
30.0 1 14
389.0 1 0
85.0 65 1
528.0 13411 2
2.0 3 3
118.0 4 4
24.0 1 5
200.0 301 6
160.0 1 7
22.0 363 8
13.0 1 9
226.0 1 10
14.0 1 11
138.0 246 12
80.0 209 13
75.0 1 14
0.0 1 0
56.0 1 1
16.0 1 2
81.0 1 3
166.0 2 4
55.0 2 5
12.0 9 6
37.0 1 7
75.0 3 8
31.0 217 9
205.0 1 10
110.0 316 11
28.0 1 12
41.0 1 13
17.0 1 14
13.0 364 0
137.0 1 1
39.0 1 2
21.0 238 3
11.0 181 4
140.0 1 5
53.0 2 6
72.0 1 7
68.0 1 8
53.0 1 9
18.0 1 10
132.0 1 11
271.0 54564 12
32.0 3 13
72.0 1 14
40.0 2 0
4.0 3 1
135.0 1 2
369.0 878109 3
41.0 2103 4
206.0 1 5
120.0 1 6
60.0 1 7
33.0 4 8
333.0 1 9
124.0 997 10
8.0 5 11
19.0 6 12
277.0 1 13
18.0 1 14
0.0 1 0
17.0 1 1
118.0 274967 2
78.0 1 3
154.0 5 4
303.0 60 5
112.0 7 6
161.0 1 7
300.0 34792 8
34.0 1 9
127.0 1 10
19.0 6 11
2.0 1 12
172.0 315 13
66.0 1 14
10.0 152 0
116.0 10 1
524.0 1 2
9.0 233 3
36.0 1 4
688.0 2 5
768.0 1 6
153.0 1 7
32.0 2 8
17.0 1 9
90.0 1 10
60.0 1 11
342.0 295 12
14.0 1 13
28.0 1 14
42.0 1 0
81.0 1 1
8.0 1 2
14.0 1 3
112.0 1 4
197.0 73 5
42.0 1 6
31.0 1 7
96.0 1 8
82.0 1 9
243.0 1 10
161.0 3 11
59.0 1 12
79.0 5832 13
208.0 1 14
57.0 262 0
65.0 1 1
25.0 288 2
137.0 1 3
3.0 53691 4
142.0 1 5
185.0 1 6
83.0 1 7
75.0 1 8
108.0 1 9
231.0 1 10
12.0 1 11
100.0 1 12
3.0 4 13
6.0 1 14
82.0 1 0
109.0 1 1
259.0 317 2
259.0 1 3
17.0 3 4
4.0 1 5
38.0 2288 6
8.0 1 7
107.0 1 8
162.0 2 9
118.0 74718 10
12.0 1 11
178.0 18433 12
49.0 5 13
40.0 1 14
284.0 1 0
55.0 187 1
132.0 1 2
33.0 428 3
27.0 1 4
8.0 1 5
97.0 10965 6
62.0 1 7
110.0 76 8
91.0 2737 9
229.0 1 10
235.0 9 11
106.0 222 12
95.0 1 13
56.0 1 14
161.0 1 0
23.0 1 1
50.0 335 2
70.0 25412 3
57.0 693 4
143.0 1 5
111.0 3 6
64.0 2325 7
442.0 1 8
1.0 271 9
89.0 1 10
141.0 3 11
33.0 1 12
125.0 1 13
42.0 28 14
55.0 8 0
429.0 1 1
107.0 2 2
16.0 2 3
20.0 1 4
60.0 69 5
81.0 7 6
180.0 2 7
24.0 325 8
142.0 3 9
17.0 1 10
49.0 1 11
23.0 7 12
61.0 1 13
2.0 1 14
28.0 1 0
172.0 1 1
59.0 4 2
189.0 2 3
18.0 1 4
28.0 1 5
43.0 345 6
67.0 2 7
84.0 1 8
51.0 1 9
90.0 1 10
158.0 1 11
53.0 1 12
36.0 7 13
259.0 2 14
25.0 1478 0
32.0 2023 1
60.0 1 2
88.0 59858 3
30.0 1 4
148.0 1 5
84.0 2 6
19.0 2 7
69.0 1 8
153.0 286 9
88.0 360596 10
278.0 1 11
72.0 8 12
240.0 47073 13
149.0 4 14
106.0 1 0
69.0 1 1
15.0 1 2
1.0 1 3
33.0 2 4
64.0 321 5
65.0 1 6
10.0 1 7
30.0 1 8
94.0 1 9
82.0 3 10
77.0 1 11
280.0 1 12
467.0 1 13
3.0 1 14
101.0 8 0
114.0 1 1
208.0 3 2
78.0 3 3
197.0 3 4
16.0 1 5
24.0 1 6
350.0 1 7
108.0 1 8
195.0 1822 9
29.0 1 10
84.0 112 11
11.0 349 12
23.0 90 13
462.0 2 14
122.0 3 0
101.0 2 1
89.0 1 2
31.0 28608 3
103.0 6 4
16.0 87 5
30.0 2 6
144.0 2 7
106.0 1 8
9.0 3 9
142.0 3 10
89.0 1 11
270.0 1 12
73.0 4 13
61.0 1 14
169.0 5 0
14.0 1 1
271.0 1713 2
61.0 2 3
187.0 3 4
487.0 1 5
107.0 1 6
45.0 2 7
24.0 1 8
89.0 1 9
36.0 1 10
75.0 1 11
27.0 3 12
161.0 228 13
104.0 3 14
7.0 1 0
11.0 15 1
37.0 1 2
16.0 1 3
153.0 1 4
83.0 1 5
1.0 1 6
118.0 2 7
97.0 1 8
11.0 1 9
78.0 1 10
22.0 1 11
74.0 3 12
71.0 341 13
168.0 1 14
19.0 1 0
68.0 1 1
120.0 1 2
171.0 1 3
83.0 1 4
144.0 3 5
4.0 4 6
191.0 757 7
68.0 1 8
73.0 168 9
102.0 1 10
21.0 1 11
44.0 1 12
145.0 2 13
93.0 7 14
40.0 2 0
24.0 1 1
161.0 1 2
52.0 1 3
87.0 2 4
181.0 1 5
60.0 47 6
111.0 1 7
76.0 228379 8
17.0 1 9
282.0 1 10
71.0 1 11
278.0 1 12
32.0 3 13
75.0 1 14
55.0 7 0
9.0 1 1
51.0 3 2
104.0 1 3
47.0 1 4
24.0 26377 5
66.0 7 6
52.0 2920 7
117.0 3 8
254.0 8 9
33.0 1 10
53.0 1 11
120.0 2062 12
22.0 903996 13
109.0 1 14
200.0 1 0
64.0 1 1
25.0 1 2
45.0 901 3
25.0 750 4
161.0 1 5
30.0 2 6
2.0 7 7
154.0 69 8
19.0 1 9
45.0 2100 10
104.0 1 11
447.0 1 12
61.0 1 13
9.0 2 14
55.0 1 0
33.0 1 1
186.0 1 2
9.0 1 3
113.0 6 4
56.0 3 5
43.0 1 6
28.0 1 7
7.0 1 8
11.0 1 9
26.0 1 10
13.0 3 11
62.0 4 12
0.0 1 13
77.0 1 14
74.0 5 0
57.0 595 1
81.0 1 2
12.0 2 3
7.0 73922 4
131.0 1 5
283.0 2 6
64.0 2 7
9.0 1 8
280.0 7 9
70.0 1 10
61.0 1 11
85.0 2 12
42.0 1 13
156.0 1 14
32.0 2 0
3.0 1 1
37.0 54849 2
33.0 1 3
141.0 1 4
106.0 1 5
49.0 2 6
44.0 1 7
53.0 330 8
19.0 68692 9
108.0 1 10
38.0 1 11
75.0 351 12
13.0 2 13
98.0 3 14
141.0 1 0
15.0 1 1
120.0 1 2
56.0 82741 3
34.0 1 4
191.0 4 5
38.0 1 6
290.0 373 7
36.0 1 8
137.0 1921 9
100.0 1 10
58.0 180 11
2.0 55034 12
143.0 314 13
41.0 192 14
121.0 200 0
187.0 198 1
305.0 1 2
10.0 1 3
54.0 1 4
128.0 1 5
13.0 1 6
1.0 1 7
329.0 1 8
95.0 1 9
62.0 2 10
33.0 277 11
114.0 342 12
131.0 1 13
164.0 3 14
156.0 1 0
171.0 2604 1
114.0 1 2
37.0 160 3
0.0 1 4
31.0 1 5
72.0 1 6
250.0 1 7
56.0 4 8
114.0 2 9
11.0 66034 10
86.0 1 11
35.0 3 12
42.0 59860 13
2.0 1 14
214.0 21691 0
59.0 3 1
34.0 1 2
156.0 4 3
16.0 1 4
147.0 1451 5
12.0 2 6
33.0 1 7
28.0 1 8
55.0 1 9
26.0 3 10
45.0 1 11
78.0 1 12
369.0 376 13
207.0 1 14
115.0 1 0
150.0 1 1
9.0 76017 2
9.0 8 3
5.0 60 4
29.0 1 5
44.0 3 6
30.0 1 7
40.0 1 8
52.0 1 9
26.0 3 10
73.0 1 11
9.0 3 12
20.0 87661 13
290.0 1 14
40.0 2 0
77.0 4 1
138.0 1 2
34.0 1 3
45.0 5 4
160.0 2 5
70.0 1 6
78.0 1 7
21.0 1 8
68.0 1 9
25.0 1 10
4.0 1 11
39.0 2 12
211.0 167 13
27.0 1 14
18.0 4 0
40.0 8 1
55.0 1 2
99.0 178 3
29.0 5 4
35.0 1 5
38.0 1081 6
22.0 2 7
6.0 38 8
132.0 1155 9
69.0 66 10
6.0 1636 11
286.0 1 12
61.0 1 13
87.0 132 14
43.0 330 0
160.0 1 1
64.0 1 2
40.0 1 3
26.0 1 4
184.0 1 5
177.0 3 6
332.0 278 7
28.0 6 8
109.0 9 9
60.0 4 10
106.0 46 11
161.0 261 12
86.0 1 13
101.0 1 14
19.0 1 0
127.0 6 1
33.0 1 2
18.0 3 3
12.0 1 4
52.0 6 5
220.0 1 6
81.0 1 7
134.0 1 8
103.0 1 9
32.0 315 10
158.0 1 11
102.0 2 12
185.0 1 13
60.0 1 14
63.0 1 0
17.0 1 1
64.0 272 2
153.0 1 3
66.0 1 4
139.0 1 5
21.0 1 6
261.0 278706 7
290.0 3 8
114.0 1 9
213.0 2 10
110.0 2 11
137.0 1 12
11.0 1 13
41.0 375 14
21.0 1 0
94.0 1 1
46.0 1 2
58.0 1 3
275.0 3 4
93.0 1 5
127.0 3 6
7.0 1 7
212.0 7 8
2.0 1 9
56.0 1 10
93.0 294 11
15.0 365563 12
378.0 1 13
98.0 1 14
10.0 1 0
127.0 1 1
206.0 1 2
110.0 2 3
106.0 6 4
101.0 1 5
10.0 1 6
42.0 1 7
232.0 1 8
300.0 2 9
28.0 1 10
23.0 1 11
54.0 4 12
17.0 416861 13
34.0 3 14
9.0 1 0
361.0 3 1
269.0 3 2
242.0 1 3
3.0 1 4
20.0 8976 5
90.0 1 6
74.0 1 7
10.0 245 8
214.0 1 9
19.0 1 10
253.0 355 11
631.0 1 12
42.0 5 13
2.0 72 14
44.0 1 0
98.0 1 1
149.0 1 2
14.0 3 3
106.0 1 4
106.0 70552 5
109.0 8 6
20.0 257 7
1.0 245 8
78.0 151 9
71.0 1 10
105.0 1 11
21.0 62723 12
50.0 5 13
46.0 20 14
1.0 1 0
87.0 1 1
207.0 1 2
19.0 1 3
331.0 1 4
40.0 1 5
166.0 1 6
65.0 1 7
111.0 1 8
7.0 1 9
90.0 1 10
84.0 120 11
13.0 4 12
104.0 65650 13
17.0 1 14
263.0 37 0
8.0 1 1
8.0 3 2
32.0 1 3
263.0 1 4
63.0 3 5
141.0 1 6
32.0 1 7
106.0 1 8
12.0 72157 9
7.0 2 10
22.0 1 11
112.0 46 12
90.0 1 13
14.0 2 14
20.0 2 0
14.0 309 1
70.0 375 2
71.0 305 3
37.0 2292 4
17.0 1 5
45.0 1 6
336.0 1 7
23.0 281 8
11.0 6 9
145.0 861 10
49.0 104 11
15.0 1 12
62.0 1 13
514.0 1 14
127.0 1 0
33.0 1 1
53.0 3 2
56.0 30 3
80.0 1 4
151.0 57 5
175.0 1 6
291.0 745 7
34.0 9 8
181.0 1 9
193.0 1 10
62.0 1 11
79.0 8 12
284.0 1 13
74.0 1 14
67.0 1 0
124.0 1 1
327.0 1 2
154.0 9 3
150.0 1 4
100.0 1 5
104.0 1 6
231.0 3 7
22.0 3 8
17.0 439074 9
10.0 1 10
122.0 1 11
46.0 1 12
113.0 1 13
165.0 1 14
299.0 1 0
331.0 1 1
179.0 9 2
366.0 272 3
105.0 1 4
282.0 1 5
24.0 45665 6
77.0 1 7
12.0 1 8
85.0 22534 9
208.0 1 10
63.0 1 11
7.0 1 12
32.0 1 13
16.0 2 14
28.0 53157 0
339.0 1 1
79.0 1 2
190.0 1030 3
52.0 1 4
22.0 2 5
75.0 73986 6
89.0 22 7
50.0 1 8
137.0 36137 9
451.0 1 10
25.0 1 11
83.0 5 12
77.0 1 13
83.0 1 14
9.0 3 0
36.0 3 1
73.0 1 2
19.0 1 3
137.0 8 4
151.0 207 5
40.0 142 6
181.0 9 7
10.0 1 8
27.0 1 9
59.0 1 10
21.0 7 11
178.0 2 12
42.0 3 13
135.0 1629 14
179.0 1 0
17.0 3 1
40.0 1 2
51.0 243 3
39.0 59 4
14.0 1 5
59.0 1 6
6.0 196 7
178.0 50276 8
92.0 245 9
60.0 1 10
140.0 1 11
9.0 1795 12
175.0 1 13
27.0 1 14
196.0 1 0
22.0 8 1
115.0 1758 2
528.0 330 3
46.0 1 4
4.0 1 5
26.0 1 6
72.0 109 7
5.0 1 8
67.0 58 9
22.0 257 10
28.0 2 11
159.0 3 12
25.0 1 13
45.0 7 14
127.0 2726 0
219.0 1 1
231.0 1 2
25.0 7 3
376.0 1 4
1.0 1 5
243.0 4 6
70.0 1 7
19.0 1 8
178.0 58633 9
74.0 3 10
10.0 1 11
104.0 1 12
35.0 3 13
57.0 3 14
264.0 3 0
152.0 1 1
40.0 65 2
57.0 54533 3
141.0 1 4
185.0 2 5
22.0 3 6
94.0 1 7
8.0 1 8
8.0 2 9
162.0 3 10
66.0 2 11
11.0 6 12
80.0 85648 13
57.0 1 14
90.0 1 0
50.0 1 1
105.0 276 2
7.0 1 3
154.0 1 4
349.0 1 5
78.0 6 6
173.0 1 7
44.0 1 8
44.0 2 9
110.0 1 10
290.0 183 11
31.0 1 12
35.0 2 13
69.0 2498 14
14.0 1 0
42.0 1 1
39.0 269 2
145.0 1 3
63.0 2 4
81.0 1 5
68.0 3 6
22.0 1 7
100.0 3 8
443.0 1 9
44.0 1 10
302.0 1 11
10.0 2844 12
188.0 8 13
94.0 1 14
61.0 1 0
476.0 1 1
39.0 1 2
13.0 1 3
101.0 3 4
146.0 1 5
54.0 1 6
14.0 34223 7
126.0 3 8
113.0 1 9
10.0 32 10
39.0 1 11
107.0 1 12
70.0 1 13
48.0 1 14
62.0 4 0
122.0 6 1
25.0 1 2
30.0 1 3
89.0 4 4
113.0 1 5
24.0 1 6
9.0 5 7
377.0 1 8
8.0 2 9
91.0 1 10
20.0 1 11
283.0 5 12
51.0 2 13
8.0 1 14
7.0 1 0
1.0 1 1
131.0 1 2
261.0 1 3
11.0 1 4
102.0 1 5
131.0 4 6
114.0 1668 7
106.0 3 8
20.0 1 9
46.0 3 10
70.0 1 11
73.0 1 12
196.0 1 13
81.0 2 14
149.0 2 0
135.0 2 1
89.0 82387 2
177.0 1 3
14.0 1 4
17.0 322 5
58.0 348020 6
28.0 1 7
207.0 1 8
112.0 3 9
42.0 1 10
418.0 1 11
198.0 6 12
316.0 2 13
264.0 1 14
7.0 1 0
8.0 62 1
62.0 1 2
12.0 1 3
232.0 2 4
92.0 1 5
42.0 3 6
48.0 1 7
43.0 1 8
51.0 1 9
73.0 3 10
84.0 1 11
151.0 5 12
156.0 4 13
23.0 1 14
13.0 1 0
4.0 3 1
24.0 1 2
35.0 8 3
83.0 1 4
172.0 5 5
114.0 1 6
45.0 1 7
159.0 1 8
62.0 1 9
40.0 3 10
30.0 1 11
142.0 23 12
157.0 2 13
32.0 94 14
110.0 1 0
8.0 1 1
58.0 285395 2
244.0 1 3
21.0 1 4
69.0 1 5
36.0 1 6
3.0 1 7
40.0 1 8
14.0 1 9
38.0 6 10
15.0 4 11
117.0 3 12
169.0 1 13
43.0 278 14
319.0 1164 0
85.0 1 1
1.0 1 2
151.0 290 3
38.0 1 4
43.0 10 5
0.0 1 6
163.0 1 7
163.0 1 8
80.0 1 9
24.0 1 10
87.0 1 11
213.0 1 12
77.0 1588 13
19.0 1 14
209.0 4 0
70.0 6 1
140.0 1 2
163.0 1 3
272.0 1 4
129.0 1 5
10.0 1 6
333.0 370 7
112.0 9 8
43.0 4 9
69.0 1 10
85.0 55 11
9.0 1 12
26.0 1 13
221.0 80371 14
42.0 29764 0
23.0 1 1
470.0 131 2
123.0 1 3
72.0 9 4
16.0 208 5
257.0 3 6
1.0 1 7
156.0 204 8
6.0 749 9
115.0 1 10
50.0 1 11
8.0 1 12
240.0 1 13
90.0 125 14
1.0 1 0
25.0 1 1
144.0 3 2
205.0 1 3
4.0 198 4
26.0 1 5
38.0 1 6
43.0 315 7
75.0 9 8
120.0 33 9
92.0 1 10
88.0 1 11
164.0 3 12
65.0 43 13
60.0 1 14
195.0 35 0
158.0 9 1
61.0 1 2
150.0 1 3
18.0 30349 4
220.0 3 5
21.0 1 6
68.0 2 7
31.0 1 8
133.0 24 9
13.0 305 10
374.0 5 11
186.0 3 12
20.0 1 13
138.0 1 14
393.0 3 0
71.0 1 1
381.0 1 2
41.0 1 3
12.0 2568 4
116.0 250 5
137.0 101 6
38.0 183 7
242.0 1 8
18.0 1 9
80.0 262 10
38.0 1 11
74.0 346 12
50.0 7 13
21.0 1 14
60.0 4 0
93.0 1 1
91.0 1 2
16.0 1 3
10.0 1 4
107.0 376 5
41.0 1 6
47.0 68650 7
111.0 1 8
35.0 1 9
286.0 1 10
31.0 1 11
68.0 1 12
1.0 3 13
60.0 1 14
77.0 7 0
1.0 1 1
58.0 18445 2
41.0 1 3
37.0 1 4
16.0 1 5
59.0 16 6
151.0 1 7
4.0 2 8
16.0 181 9
142.0 4 10
70.0 4 11
96.0 2 12
32.0 1 13
197.0 1 14
140.0 1 0
51.0 1 1
37.0 1 2
17.0 5 3
41.0 3 4
98.0 1 5
32.0 3 6
56.0 1 7
101.0 1 8
239.0 1 9
70.0 1 10
54.0 2 11
119.0 1 12
40.0 261977 13
23.0 1 14
16.0 1 0
119.0 1 1
35.0 7 2
132.0 1 3
47.0 3 4
60.0 4 5
104.0 9 6
72.0 1 7
127.0 1 8
140.0 76 9
117.0 1 10
41.0 1 11
86.0 1 12
56.0 2 13
27.0 1 14
6.0 3 0
43.0 1 1
1.0 56254 2
29.0 2 3
39.0 1 4
52.0 3 5
39.0 1 6
131.0 1 7
20.0 49 8
58.0 156 9
167.0 1 10
274.0 246 11
245.0 1 12
71.0 2 13
21.0 3038 14
97.0 1 0
17.0 1 1
65.0 1 2
107.0 360 3
319.0 1 4
5.0 1 5
124.0 2 6
19.0 4 7
304.0 1 8
136.0 1 9
172.0 1 10
86.0 1 11
20.0 1 12
0.0 328 13
223.0 4 14
76.0 1 0
278.0 2 1
28.0 1 2
91.0 2085 3
172.0 3 4
1.0 1 5
92.0 1 6
59.0 1601 7
64.0 32263 8
42.0 515780 9
1.0 3 10
60.0 1 11
368.0 1 12
33.0 1 13
188.0 20 14
241.0 2 0
2.0 1 1
243.0 1 2
219.0 1 3
130.0 1 4
58.0 2580 5
149.0 1 6
15.0 5 7
21.0 2 8
69.0 1 9
69.0 100 10
49.0 2 11
31.0 1 12
48.0 1 13
66.0 3 14
6.0 1 0
12.0 14 1
49.0 1 2
14.0 1 3
41.0 1 4
2.0 1 5
90.0 7 6
27.0 1 7
15.0 1 8
211.0 3 9
215.0 1 10
15.0 1 11
69.0 3 12
217.0 1 13
223.0 5 14
77.0 1 0
165.0 1 1
256.0 1 2
223.0 1 3
144.0 1 4
12.0 2263 5
101.0 167 6
46.0 1 7
131.0 456 8
115.0 1 9
400.0 1 10
114.0 1 11
274.0 1 12
212.0 3 13
382.0 2919 14
45.0 1 0
173.0 2 1
261.0 301 2
157.0 1 3
4.0 1 4
67.0 1 5
307.0 1 6
44.0 67 7
116.0 31061 8
109.0 1 9
147.0 1 10
138.0 1 11
104.0 1 12
31.0 3 13
46.0 1 14
91.0 34 0
0.0 1 1
80.0 1 2
169.0 1 3
55.0 1 4
54.0 8 5
153.0 1 6
76.0 1 7
131.0 167 8
37.0 1 9
196.0 260 10
46.0 3 11
197.0 2 12
51.0 1 13
9.0 1 14
187.0 1 0
153.0 1 1
74.0 1 2
155.0 1 3
102.0 1 4
89.0 1 5
52.0 1 6
35.0 180 7
182.0 1 8
51.0 1 9
30.0 1 10
164.0 1 11
33.0 2 12
61.0 2 13
0.0 2357 14
3.0 2 0
189.0 1 1
99.0 453 2
0.0 5 3
118.0 1 4
135.0 1 5
72.0 916 6
154.0 1 7
226.0 1 8
58.0 1 9
65.0 3 10
24.0 9 11
184.0 271 12
116.0 1 13
60.0 1 14
63.0 2630 0
193.0 1 1
260.0 92 2
152.0 1 3
156.0 1 4
9.0 370 5
90.0 1 6
22.0 1 7
153.0 2 8
128.0 1 9
227.0 1 10
117.0 1 11
15.0 1 12
16.0 1 13
38.0 1 14
26.0 1 0
54.0 9 1
41.0 1 2
41.0 4 3
92.0 1 4
240.0 2033 5
30.0 177 6
76.0 4 7
52.0 1 8
87.0 3 9
8.0 1 10
27.0 195 11
31.0 1 12
45.0 330 13
216.0 1 14
379.0 1 0
53.0 1577 1
95.0 1 2
150.0 7 3
148.0 155 4
7.0 1 5
314.0 1 6
30.0 342 7
46.0 1 8
123.0 1 9
148.0 1 10
57.0 1 11
152.0 1 12
73.0 1 13
107.0 2 14
58.0 1891 0
20.0 3 1
154.0 1 2
56.0 1 3
51.0 1 4
85.0 1 5
83.0 6 6
53.0 2 7
230.0 1 8
89.0 1 9
6.0 217 10
80.0 3 11
43.0 104 12
26.0 2 13
54.0 2380 14
107.0 1 0
172.0 2 1
53.0 4 2
88.0 1 3
190.0 304 4
27.0 7 5
10.0 1 6
29.0 1 7
21.0 3 8
73.0 330 9
12.0 8 10
183.0 1 11
31.0 1 12
253.0 137 13
71.0 1 14
24.0 2 0
129.0 1481 1
64.0 1 2
27.0 1 3
199.0 1 4
107.0 1 5
390.0 933024 6
1.0 5 7
23.0 1 8
262.0 3 9
5.0 1 10
198.0 1 11
137.0 1 12
109.0 3 13
121.0 3 14
9.0 2 0
129.0 1 1
62.0 268 2
40.0 212 3
61.0 1 4
73.0 1 5
70.0 4 6
25.0 1 7
91.0 1 8
47.0 3 9
151.0 3 10
32.0 255 11
48.0 1 12
8.0 1 13
171.0 1 14
174.0 3 0
225.0 1 1
5.0 3 2
270.0 1 3
26.0 8 4
6.0 1 5
14.0 1 6
324.0 148 7
262.0 1 8
203.0 1 9
10.0 1 10
111.0 1 11
373.0 1 12
33.0 1 13
50.0 3 14
77.0 1 0
157.0 8197 1
78.0 1 2
51.0 8 3
250.0 1 4
31.0 1 5
170.0 1 6
19.0 13852 7
99.0 7 8
11.0 1 9
126.0 1 10
69.0 1213 11
41.0 1 12
25.0 1 13
21.0 1 14
13.0 91757 0
129.0 1 1
11.0 1 2
89.0 2 3
12.0 7 4
33.0 2 5
370.0 1 6
99.0 1 7
22.0 241 8
20.0 6 9
68.0 3 10
11.0 7 11
66.0 86080 12
4.0 1 13
108.0 1 14
2.0 116 0
14.0 1 1
117.0 2 2
166.0 1634 3
21.0 1656 4
53.0 1 5
20.0 1 6
25.0 1 7
33.0 1 8
18.0 1 9
44.0 1 10
79.0 2446 11
82.0 790 12
170.0 1 13
19.0 1 14
240.0 1 0
38.0 1 1
158.0 1 2
6.0 1 3
34.0 1 4
42.0 3 5
217.0 1 6
78.0 1 7
32.0 1 8
235.0 1 9
77.0 1 10
57.0 1 11
16.0 1 12
45.0 1 13
33.0 1 14
36.0 1 0
12.0 1 1
65.0 132 2
54.0 26 3
45.0 1 4
23.0 3 5
60.0 1 6
52.0 52 7
9.0 1 8
21.0 4 9
33.0 8 10
102.0 1 11
8.0 1 12
2.0 1 13
49.0 1 14
81.0 5 0
77.0 1 1
4.0 6 2
119.0 3 3
40.0 95 4
1.0 2 5
139.0 3 6
197.0 1 7
239.0 1 8
231.0 1 9
13.0 1 10
29.0 1 11
91.0 1 12
126.0 1 13
133.0 1 14
235.0 1 0
154.0 1 1
312.0 1 2
54.0 1 3
14.0 2 4
158.0 1 5
76.0 1 6
39.0 1 7
9.0 36 8
12.0 3 9
100.0 7 10
211.0 8 11
190.0 1 12
7.0 1 13
4.0 1 14
160.0 1 0
149.0 1 1
57.0 3 2
153.0 6140 3
40.0 1 4
8.0 1 5
178.0 1 6
141.0 90 7
33.0 184 8
136.0 1 9
24.0 1 10
74.0 1 11
46.0 1 12
25.0 359 13
35.0 1 14
5.0 1 0
52.0 1 1
224.0 4 2
24.0 4 3
30.0 192 4
22.0 1 5
224.0 1 6
125.0 4 7
52.0 1 8
15.0 1 9
119.0 1 10
18.0 192 11
45.0 1 12
70.0 7 13
29.0 1 14
28.0 3 0
126.0 1 1
43.0 5 2
20.0 4 3
37.0 1 4
71.0 2 5
85.0 1 6
49.0 1 7
141.0 1 8
300.0 9 9
76.0 2 10
181.0 1 11
15.0 1 12
76.0 1 13
21.0 1 14
148.0 1 0
37.0 1 1
20.0 77481 2
56.0 3 3
72.0 1 4
393.0 1 5
133.0 8 6
128.0 2 7
22.0 100 8
113.0 1 9
20.0 1 10
20.0 1 11
204.0 1 12
40.0 1 13
48.0 9 14
2.0 1 0
73.0 2245 1
3.0 1 2
610.0 1 3
45.0 1 4
10.0 8 5
206.0 4 6
2.0 1 7
11.0 4 8
238.0 1 9
377.0 3 10
7.0 1 11
24.0 3 12
173.0 6 13
2.0 1 14
46.0 6 0
16.0 3 1
163.0 3 2
57.0 3 3
10.0 8 4
9.0 1 5
35.0 1 6
36.0 1 7
37.0 1 8
4.0 1 9
51.0 1 10
130.0 2 11
21.0 3 12
43.0 1 13
11.0 1 14
139.0 2 0
107.0 1 1
2.0 1 2
122.0 1 3
24.0 5 4
95.0 1 5
63.0 7 6
13.0 1 7
146.0 1 8
68.0 1 9
30.0 1 10
88.0 1 11
216.0 1 12
24.0 251 13
260.0 3 14
42.0 1 0
21.0 1 1
248.0 1 2
55.0 1 3
280.0 3 4
31.0 5 5
103.0 1 6
53.0 1 7
204.0 1 8
176.0 1 9
48.0 6 10
86.0 1 11
390.0 1 12
36.0 1 13
84.0 316 14
47.0 1 0
60.0 7 1
79.0 7 2
28.0 4 3
40.0 1 4
29.0 1 5
357.0 43320 6
223.0 2645 7
131.0 1 8
67.0 7 9
63.0 1 10
49.0 1 11
44.0 2 12
33.0 1 13
37.0 1 14
25.0 1 0
165.0 4 1
251.0 9 2
348.0 1 3
20.0 1 4
32.0 1 5
55.0 284 6
114.0 3 7
68.0 2 8
320.0 87 9
113.0 1 10
70.0 1 11
141.0 1 12
15.0 2 13
55.0 1 14
47.0 1 0
3.0 1 1
289.0 1 2
59.0 3 3
444.0 1 4
108.0 1 5
66.0 1 6
11.0 1 7
65.0 1 8
111.0 1 9
77.0 3 10
11.0 2 11
240.0 4 12
64.0 1 13
292.0 30811 14
19.0 1 0
481.0 243 1
2.0 1 2
90.0 1 3
133.0 1 4
15.0 1 5
78.0 1 6
89.0 1 7
384.0 66836 8
34.0 173 9
273.0 1 10
15.0 1 11
9.0 1 12
33.0 1 13
56.0 1 14
595.0 1 0
32.0 6 1
37.0 1 2
82.0 54275 3
50.0 1 4
60.0 116 5
7.0 8 6
7.0 1 7
13.0 1 8
60.0 1 9
30.0 1 10
87.0 902 11
91.0 1 12
439.0 667 13
97.0 1 14
34.0 1 0
106.0 3 1
80.0 4 2
49.0 288 3
34.0 59530 4
3.0 1 5
146.0 7 6
80.0 1 7
120.0 2 8
214.0 1 9
214.0 3 10
23.0 1 11
103.0 1 12
50.0 1 13
6.0 5 14
199.0 75847 0
88.0 1 1
68.0 2 2
12.0 2 3
106.0 3 4
1.0 462351 5
72.0 3 6
126.0 2 7
60.0 2 8
22.0 2 9
120.0 4 10
18.0 324 11
38.0 1 12
59.0 1 13
291.0 1 14
83.0 1 0
44.0 1 1
3.0 1 2
275.0 7 3
41.0 1 4
44.0 2 5
86.0 163080 6
495.0 3 7
7.0 9 8
69.0 1 9
113.0 1 10
38.0 632 11
128.0 1 12
22.0 5 13
153.0 1 14
230.0 1 0
76.0 3 1
314.0 8671 2
340.0 85980 3
2.0 70444 4
0.0 1 5
140.0 149 6
111.0 1 7
193.0 7 8
75.0 2 9
8.0 6 10
118.0 339 11
354.0 1 12
36.0 3 13
38.0 1 14
14.0 275 0
45.0 1 1
104.0 1 2
36.0 166 3
501.0 2123 4
90.0 1 5
15.0 3 6
95.0 1 7
9.0 1 8
239.0 1 9
25.0 1 10
26.0 1 11
58.0 5 12
50.0 5 13
20.0 1 14
46.0 193 0
19.0 2 1
302.0 6 2
28.0 1 3
257.0 964 4
4.0 2941 5
257.0 1 6
59.0 4 7
56.0 1 8
183.0 2 9
56.0 2 10
29.0 1 11
31.0 2 12
41.0 1 13
43.0 6 14
7.0 4 0
52.0 887369 1
142.0 1 2
264.0 1 3
57.0 1 4
190.0 209 5
31.0 1 6
2.0 2 7
85.0 3 8
126.0 3 9
40.0 2 10
39.0 90 11
91.0 1 12
33.0 1850 13
215.0 1 14
105.0 232 0
141.0 1 1
6.0 109 2
258.0 100 3
207.0 1 4
32.0 363 5
22.0 1 6
8.0 1 7
161.0 1 8
104.0 1 9
94.0 1 10
32.0 1 11
37.0 2 12
41.0 1 13
29.0 1 14
28.0 1 0
17.0 5 1
80.0 1 2
30.0 5 3
85.0 1 4
80.0 8 5
138.0 9 6
27.0 1 7
19.0 1 8
21.0 412 9
28.0 1 10
20.0 1 11
49.0 1 12
128.0 228 13
83.0 1 14
20.0 1 0
52.0 4 1
60.0 1 2
98.0 1 3
28.0 1 4
65.0 141 5
78.0 1 6
1.0 1 7
83.0 2 8
110.0 4 9
23.0 629830 10
63.0 6 11
116.0 1 12
33.0 1 13
31.0 3 14
103.0 1 0
114.0 389 1
47.0 2 2
3.0 3 3
152.0 1897 4
126.0 2 5
153.0 3 6
271.0 8 7
64.0 3 8
21.0 1 9
164.0 1 10
296.0 88 11
75.0 1 12
34.0 4 13
5.0 1 14
11.0 7 0
26.0 1 1
35.0 5 2
50.0 18441 3
61.0 1 4
108.0 1391 5
62.0 1 6
80.0 279 7
65.0 3 8
8.0 1 9
12.0 1 10
21.0 1708 11
509.0 1 12
81.0 1 13
28.0 2 14
158.0 6 0
21.0 2 1
73.0 3 2
17.0 1 3
66.0 9 4
6.0 1 5
24.0 9 6
3.0 1 7
2.0 1 8
10.0 1 9
23.0 1 10
23.0 72 11
552.0 1 12
89.0 1 13
192.0 1 14
7.0 1 0
92.0 1 1
275.0 1 2
188.0 1 3
16.0 3 4
144.0 2 5
71.0 1 6
17.0 5 7
46.0 3 8
54.0 1 9
30.0 1 10
21.0 2 11
126.0 3 12
25.0 1 13
41.0 1 14
13.0 3 0
57.0 1 1
396.0 9 2
120.0 7 3
37.0 1 4
129.0 3 5
215.0 1 6
47.0 1 7
157.0 1 8
33.0 1 9
23.0 1 10
694.0 1 11
4.0 1 12
14.0 118 13
7.0 1 14
232.0 7 0
17.0 1 1
9.0 1 2
5.0 3 3
32.0 1 4
81.0 3 5
162.0 258 6
86.0 1 7
62.0 1 8
186.0 1 9
11.0 1 10
43.0 398138 11
6.0 1 12
155.0 119 13
60.0 4 14
33.0 1 0
138.0 1 1
98.0 1 2
169.0 1 3
219.0 2 4
13.0 3 5
42.0 1 6
232.0 1 7
139.0 1 8
280.0 5 9
207.0 124 10
263.0 194 11
51.0 1 12
64.0 2 13
23.0 1 14
251.0 1 0
9.0 2 1
21.0 1 2
60.0 1 3
26.0 2 4
70.0 1 5
281.0 1 6
178.0 1 7
219.0 4 8
99.0 2 9
6.0 1 10
41.0 1 11
157.0 1 12
31.0 1 13
395.0 2 14
50.0 1 0
43.0 6 1
17.0 1 2
74.0 721 3
284.0 1 4
121.0 13748 5
216.0 107 6
114.0 2 7
23.0 1 8
130.0 1 9
16.0 1 10
123.0 1 11
265.0 2 12
26.0 1 13
268.0 1 14
142.0 2 0
126.0 3 1
52.0 6 2
239.0 1 3
220.0 1 4
100.0 1 5
29.0 1 6
87.0 3 7
64.0 1 8
164.0 3 9
47.0 2 10
38.0 4 11
130.0 224 12
41.0 1 13
1.0 149 14
62.0 1 0
106.0 2 1
95.0 51200 2
39.0 1 3
155.0 324 4
157.0 1 5
3.0 1 6
182.0 1 7
8.0 2 8
83.0 1 9
16.0 1 10
56.0 2 11
42.0 3 12
86.0 1073 13
73.0 77674 14
163.0 1 0
3.0 1 1
238.0 1 2
58.0 1 3
197.0 76694 4
35.0 5 5
29.0 1 6
1.0 1 7
2.0 1 8
99.0 1 9
329.0 1 10
185.0 1 11
49.0 1 12
23.0 1 13
41.0 1 14
12.0 1 0
115.0 1 1
183.0 1 2
10.0 1 3
186.0 283 4
19.0 259461 5
342.0 23887 6
195.0 894615 7
45.0 1 8
150.0 1 9
54.0 2 10
11.0 1 11
42.0 3 12
142.0 160 13
803.0 2 14
38.0 1 0
63.0 1 1
13.0 1 2
115.0 1 3
84.0 303 4
87.0 1 5
6.0 1 6
110.0 1 7
18.0 1 8
80.0 1 9
44.0 320 10
156.0 5 11
45.0 8 12
176.0 1 13
151.0 1 14
278.0 1 0
122.0 1 1
358.0 1 2
77.0 6 3
108.0 1 4
88.0 1 5
66.0 3 6
30.0 364 7
386.0 3 8
247.0 368 9
16.0 3 10
22.0 3 11
22.0 544538 12
0.0 3 13
200.0 132 14
105.0 1 0
54.0 1296 1
48.0 3 2
294.0 1 3
22.0 1 4
24.0 1 5
137.0 2 6
199.0 39399 7
13.0 2555 8
83.0 349 9
103.0 63711 10
132.0 1 11
18.0 1 12
6.0 1 13
162.0 1 14
73.0 1 0
136.0 2 1
423.0 1 2
1.0 1 3
75.0 1 4
134.0 1 5
1.0 1 6
82.0 1 7
112.0 1 8
53.0 1 9
115.0 3 10
301.0 1 11
25.0 1 12
122.0 256 13
375.0 2 14
159.0 277 0
282.0 88345 1
8.0 65 2
1.0 3 3
175.0 1 4
12.0 1 5
43.0 60555 6
3.0 1 7
102.0 16264 8
58.0 237 9
27.0 78424 10
146.0 306 11
32.0 91010 12
91.0 62674 13
78.0 98 14
8.0 1 0
57.0 231 1
57.0 1 2
86.0 193 3
15.0 3 4
7.0 7 5
133.0 2 6
34.0 3 7
218.0 1069 8
256.0 1 9
229.0 1 10
105.0 7 11
123.0 1 12
6.0 7 13
12.0 1 14
313.0 1 0
25.0 1 1
51.0 1 2
17.0 1 3
472.0 1 4
25.0 1 5
43.0 1 6
86.0 3 7
147.0 1 8
46.0 1 9
176.0 1 10
231.0 1 11
87.0 58 12
132.0 1 13
12.0 228 14
5.0 1 0
44.0 1 1
26.0 9 2
23.0 178 3
60.0 1 4
424.0 3 5
227.0 1 6
134.0 1 7
53.0 1 8
60.0 1 9
96.0 2 10
14.0 1 11
10.0 1 12
95.0 1 13
81.0 1 14
42.0 2 0
27.0 4 1
21.0 1 2
96.0 1 3
45.0 3 4
76.0 375 5
31.0 4 6
169.0 1 7
97.0 1 8
58.0 7 9
77.0 1 10
274.0 1 11
220.0 1 12
268.0 1 13
3.0 302 14
58.0 1 0
52.0 1 1
65.0 30713 2
101.0 1 3
393.0 2800 4
129.0 2 5
0.0 1 6
4.0 1 7
89.0 12779 8
47.0 7 9
171.0 1 10
163.0 7 11
198.0 752 12
