207.0 2 5
175.0 1 6
40.0 77445 7
63.0 5 8
4.0 3 9
123.0 7 10
93.0 7 11
62.0 6 12
11.0 6 13
726.0 1 14
123.0 1 0
74.0 1 1
85.0 1 2
125.0 4 3
0.0 1 4
171.0 1 5
23.0 201 6
206.0 1 7
45.0 1 8
10.0 4 9
177.0 1 10
9.0 1 11
277.0 59315 12
61.0 11074 13
14.0 112 14
37.0 1 0
102.0 7 1
222.0 1 2
385.0 18390 3
7.0 1 4
347.0 2 5
12.0 8 6
134.0 1 7
138.0 1 8
148.0 1 9
114.0 9 10
100.0 130 11
293.0 1 12
10.0 1 13
135.0 1 14
128.0 1 0
26.0 1 1
43.0 1 2
129.0 1 3
392.0 1 4
31.0 1 5
7.0 1 6
11.0 291 7
257.0 8 8
1.0 170 9
302.0 1 10
8.0 1 11
6.0 1 12
20.0 301990 13
21.0 1 14
49.0 5 0
7.0 1 1
30.0 1 2
18.0 4 3
121.0 1 4
125.0 6 5
16.0 1 6
32.0 1 7
32.0 1 8
4.0 1 9
76.0 1 10
51.0 1 11
21.0 1 12
394.0 1 13
183.0 107 14
222.0 2 0
7.0 8 1
21.0 1 2
122.0 2 3
56.0 1178 4
7.0 70 5
18.0 663 6
13.0 1 7
10.0 1 8
18.0 1 9
185.0 1 10
221.0 1 11
178.0 1 12
292.0 4 13
55.0 17 14
90.0 1 0
59.0 127 1
176.0 348 2
34.0 3 3
21.0 93 4
88.0 8 5
29.0 1 6
4.0 6 7
2.0 1 8
119.0 1 9
26.0 85980 10
103.0 4 11
217.0 1 12
369.0 2844 13
2.0 1 14
20.0 1 0
25.0 1721 1
55.0 1 2
61.0 1 3
260.0 4 4
55.0 1 5
45.0 3 6
12.0 124 7
111.0 1 8
355.0 339 9
77.0 1 10
74.0 1 11
176.0 4 12
80.0 1 13
122.0 910 14
57.0 4 0
42.0 3 1
132.0 1 2
30.0 9 3
79.0 93852 4
89.0 2 5
355.0 1 6
15.0 1 7
191.0 1 8
254.0 1 9
9.0 7 10
159.0 4 11
285.0 3 12
76.0 1 13
104.0 1 14
138.0 1 0
267.0 1 1
477.0 1 2
6.0 3 3
301.0 210 4
4.0 2 5
113.0 3 6
191.0 1 7
136.0 6 8
23.0 1 9
33.0 1 10
24.0 1 11
36.0 3 12
3.0 1 13
158.0 1 14
157.0 9 0
16.0 1 1
338.0 1 2
67.0 7 3
210.0 1 4
59.0 1 5
16.0 8 6
70.0 1 7
383.0 43835 8
45.0 1 9
24.0 56125 10
227.0 3 11
193.0 1 12
61.0 7 13
182.0 1 14
160.0 2 0
7.0 2 1
11.0 8 2
92.0 5 3
57.0 252 4
5.0 8 5
133.0 1 6
151.0 1 7
24.0 1 8
1.0 1 9
80.0 1 10
74.0 6 11
106.0 1 12
241.0 8 13
138.0 1 14
15.0 1 0
129.0 2 1
3.0 1 2
187.0 1 3
30.0 1 4
94.0 1 5
36.0 3 6
47.0 5 7
11.0 104 8
146.0 1 9
82.0 1 10
25.0 8 11
79.0 1 12
10.0 25 13
62.0 1 14
251.0 1 0
162.0 1 1
57.0 1 2
28.0 3 3
488.0 1 4
39.0 1 5
0.0 1 6
24.0 15585 7
63.0 5 8
24.0 654 9
10.0 3 10
92.0 7 11
14.0 4 12
3.0 1 13
110.0 1 14
118.0 1 0
36.0 70730 1
12.0 226 2
52.0 3 3
155.0 6 4
138.0 3 5
28.0 356 6
101.0 1 7
126.0 1 8
155.0 1 9
67.0 2 10
144.0 3 11
158.0 1 12
46.0 82996 13
68.0 7 14
94.0 1 0
20.0 1 1
160.0 1 2
39.0 1 3
103.0 3 4
124.0 1 5
13.0 1 6
98.0 1 7
3.0 1 8
74.0 8 9
501.0 1 10
5.0 3 11
161.0 2 12
149.0 239 13
94.0 1 14
274.0 4 0
21.0 1 1
87.0 1 2
150.0 1 3
53.0 3 4
61.0 1 5
87.0 1 6
9.0 4 7
19.0 5 8
36.0 1 9
13.0 2 10
29.0 2 11
122.0 1 12
243.0 1 13
145.0 1 14
138.0 1 0
12.0 1 1
52.0 3 2
75.0 9 3
120.0 1 4
41.0 1 5
28.0 2 6
9.0 1 7
45.0 1 8
10.0 1 9
52.0 1 10
91.0 722 11
1.0 1 12
41.0 1 13
335.0 1 14
436.0 1 0
303.0 161 1
242.0 1 2
464.0 6 3
196.0 424352 4
58.0 1 5
166.0 109 6
18.0 63214 7
162.0 1 8
413.0 1 9
200.0 1 10
86.0 1 11
6.0 1 12
47.0 1 13
41.0 8 14
7.0 7 0
273.0 1 1
4.0 2 2
121.0 1 3
92.0 1 4
118.0 1 5
108.0 227 6
212.0 1 7
69.0 316 8
103.0 6 9
480.0 1950 10
14.0 2 11
70.0 1 12
259.0 5 13
57.0 3 14
21.0 1 0
3.0 6 1
22.0 9 2
113.0 70395 3
27.0 5 4
327.0 1 5
22.0 2 6
51.0 129 7
21.0 1 8
114.0 123 9
403.0 1 10
410.0 1 11
81.0 3 12
16.0 1 13
208.0 1 14
69.0 1 0
70.0 1 1
17.0 1 2
119.0 3 3
694.0 300 4
13.0 1 5
52.0 1 6
33.0 5 7
22.0 1 8
53.0 5 9
235.0 1 10
4.0 1 11
243.0 1 12
108.0 1 13
45.0 1 14
65.0 1 0
71.0 1 1
118.0 3 2
19.0 1 3
50.0 1 4
126.0 1 5
93.0 112 6
141.0 3 7
156.0 1 8
195.0 10512 9
130.0 1 10
166.0 1 11
23.0 87933 12
18.0 1 13
45.0 4 14
3.0 2 0
143.0 1 1
46.0 1 2
224.0 1683 3
148.0 1 4
213.0 1 5
63.0 3 6
29.0 1570 7
135.0 1937 8
101.0 133487 9
1.0 1 10
42.0 1 11
32.0 50 12
200.0 1 13
125.0 1 14
101.0 1 0
310.0 1 1
24.0 7 2
458.0 2 3
4.0 1 4
3.0 1 5
11.0 1 6
18.0 1 7
336.0 1 8
286.0 3 9
13.0 1 10
102.0 1 11
240.0 376 12
132.0 1 13
34.0 3 14
133.0 453396 0
140.0 1 1
40.0 1 2
224.0 2 3
140.0 1 4
45.0 3 5
112.0 1 6
58.0 1 7
88.0 6 8
148.0 1 9
222.0 1 10
87.0 1 11
154.0 1 12
7.0 1 13
43.0 1 14
191.0 1 0
146.0 3 1
134.0 4 2
49.0 1 3
12.0 1 4
262.0 1 5
88.0 278 6
252.0 1 7
41.0 1 8
140.0 5 9
78.0 1 10
12.0 1 11
37.0 1 12
8.0 1 13
12.0 8 14
6.0 1 0
126.0 1 1
16.0 1 2
46.0 3 3
23.0 1 4
285.0 1 5
259.0 1 6
65.0 1 7
67.0 1 8
64.0 1 9
63.0 1 10
108.0 1 11
72.0 2 12
22.0 1 13
54.0 1 14
216.0 1 0
29.0 3 1
204.0 9 2
19.0 2 3
59.0 6 4
59.0 1 5
103.0 3 6
91.0 7 7
14.0 3 8
222.0 4 9
161.0 1 10
18.0 24 11
96.0 1 12
12.0 4 13
90.0 9 14
168.0 1 0
570.0 1 1
8.0 287 2
74.0 1 3
32.0 8 4
41.0 1 5
21.0 1 6
27.0 3 7
319.0 1184 8
179.0 74 9
305.0 1 10
168.0 1 11
157.0 5 12
146.0 1 13
130.0 1 14
337.0 1 0
361.0 6 1
7.0 50845 2
17.0 1 3
340.0 1 4
289.0 1 5
31.0 6 6
8.0 7 7
50.0 1 8
12.0 3 9
121.0 2 10
106.0 1 11
42.0 1 12
68.0 2 13
27.0 1 14
48.0 1 0
215.0 1 1
197.0 1 2
16.0 1 3
78.0 7 4
5.0 1 5
93.0 9 6
6.0 1 7
39.0 70885 8
11.0 62826 9
91.0 4 10
25.0 1 11
17.0 1 12
10.0 1 13
10.0 1 14
164.0 1 0
106.0 72894 1
192.0 1 2
15.0 1 3
16.0 1 4
257.0 529 5
147.0 2052 6
317.0 1 7
19.0 2 8
34.0 4 9
63.0 2 10
66.0 1 11
46.0 1 12
1.0 5 13
24.0 1 14
88.0 1 0
204.0 1 1
13.0 1 2
38.0 1 3
21.0 2 4
186.0 1 5
37.0 125 6
507.0 1 7
193.0 3 8
137.0 176 9
269.0 7 10
331.0 2 11
57.0 4 12
41.0 1 13
114.0 2 14
308.0 1 0
213.0 1 1
164.0 1 2
708.0 1 3
122.0 1 4
223.0 1 5
18.0 174 6
26.0 70105 7
24.0 61 8
283.0 1 9
94.0 3 10
35.0 1 11
15.0 39 12
199.0 3 13
19.0 1 14
76.0 1 0
25.0 281 1
82.0 169 2
153.0 1 3
367.0 1 4
215.0 1 5
137.0 1 6
97.0 196 7
48.0 5 8
73.0 319 9
56.0 1 10
65.0 78950 11
398.0 1 12
189.0 1 13
74.0 1377 14
142.0 1 0
121.0 1 1
125.0 83966 2
23.0 4 3
58.0 3 4
24.0 1 5
124.0 64952 6
6.0 7 7
31.0 1 8
6.0 1 9
5.0 1 10
307.0 1 11
86.0 905753 12
66.0 3 13
419.0 2 14
24.0 7 0
49.0 7 1
116.0 8 2
41.0 769089 3
165.0 1 4
34.0 4 5
45.0 257 6
3.0 1 7
103.0 1 8
312.0 357 9
71.0 354 10
144.0 1 11
26.0 1 12
9.0 1 13
114.0 2912 14
546.0 1 0
120.0 1 1
70.0 1 2
18.0 123 3
20.0 1 4
243.0 18 5
123.0 1 6
24.0 9 7
191.0 2 8
29.0 1 9
159.0 1 10
50.0 136 11
181.0 3 12
23.0 1 13
308.0 3 14
18.0 1 0
26.0 9 1
269.0 67 2
49.0 1 3
197.0 1 4
261.0 1 5
85.0 1 6
8.0 27316 7
165.0 1 8
10.0 1 9
38.0 4 10
186.0 1 11
45.0 4 12
24.0 2 13
266.0 2884 14
81.0 69 0
61.0 3 1
33.0 1 2
187.0 1 3
75.0 1 4
53.0 4 5
8.0 6 6
184.0 1 7
39.0 1 8
31.0 1 9
97.0 1 10
48.0 1 11
183.0 6 12
30.0 4 13
76.0 1 14
277.0 1 0
107.0 1 1
66.0 1 2
249.0 1 3
179.0 1 4
77.0 1 5
192.0 1 6
69.0 2 7
263.0 290 8
250.0 3 9
4.0 2 10
30.0 1 11
127.0 1 12
148.0 5 13
123.0 1 14
9.0 118 0
48.0 2 1
531.0 8 2
4.0 778294 3
41.0 2 4
90.0 1 5
78.0 1 6
7.0 94 7
57.0 2 8
19.0 3 9
289.0 4 10
41.0 4 11
42.0 1 12
253.0 47953 13
125.0 1 14
212.0 1 0
102.0 1731 1
211.0 1 2
180.0 1 3
39.0 1 4
196.0 348 5
107.0 4 6
277.0 73992 7
30.0 1 8
14.0 3 9
112.0 1 10
132.0 5 11
3.0 7 12
95.0 1 13
94.0 1 14
15.0 364 0
12.0 5 1
144.0 1 2
234.0 1 3
34.0 3 4
107.0 66 5
308.0 1 6
75.0 1 7
62.0 2 8
45.0 1 9
42.0 1 10
14.0 1 11
67.0 1 12
134.0 1 13
199.0 3 14
21.0 3 0
60.0 1 1
169.0 4 2
102.0 2 3
137.0 4 4
175.0 1 5
182.0 1 6
54.0 1 7
320.0 3 8
66.0 1 9
68.0 150 10
25.0 2294 11
239.0 1 12
133.0 2 13
168.0 6 14
175.0 1 0
42.0 1 1
165.0 1 2
58.0 1 3
37.0 2 4
105.0 717 5
217.0 5 6
115.0 5 7
96.0 266 8
174.0 1 9
86.0 1 10
126.0 1 11
82.0 143 12
78.0 47483 13
16.0 1 14
203.0 1 0
48.0 1 1
56.0 2 2
367.0 187 3
126.0 1 4
107.0 1 5
90.0 274 6
59.0 1 7
193.0 1 8
91.0 1 9
60.0 1 10
107.0 232 11
106.0 85775 12
48.0 1 13
7.0 1 14
139.0 1 0
141.0 1 1
37.0 1 2
100.0 1 3
388.0 1 4
35.0 1 5
313.0 106 6
171.0 1 7
15.0 64623 8
162.0 150 9
48.0 6 10
58.0 1256 11
223.0 89 12
118.0 155 13
53.0 4 14
449.0 1 0
159.0 9 1
33.0 1 2
82.0 676 3
92.0 3 4
13.0 2 5
5.0 1 6
62.0 8638 7
91.0 1 8
146.0 3 9
106.0 1 10
35.0 3 11
66.0 165 12
54.0 1 13
48.0 3 14
332.0 1 0
12.0 9 1
179.0 1 2
289.0 9 3
33.0 1 4
98.0 1 5
11.0 1 6
23.0 1 7
55.0 1 8
49.0 1 9
56.0 8 10
198.0 77 11
80.0 1 12
56.0 1 13
43.0 1 14
165.0 2 0
3.0 1 1
359.0 1 2
15.0 6 3
175.0 1 4
54.0 1 5
11.0 3 6
52.0 8 7
64.0 3 8
46.0 2 9
127.0 3 10
401.0 1 11
29.0 2 12
406.0 1 13
65.0 166 14
17.0 1 0
39.0 219 1
231.0 6141 2
18.0 1 3
27.0 1 4
3.0 1 5
126.0 1 6
325.0 77 7
112.0 4 8
254.0 1 9
366.0 3745 10
10.0 2 11
45.0 1 12
26.0 1 13
227.0 17173 14
38.0 1 0
10.0 51960 1
67.0 1587 2
81.0 1 3
342.0 85013 4
42.0 1 5
72.0 83047 6
100.0 2 7
113.0 52 8
192.0 119 9
47.0 42793 10
79.0 1 11
59.0 1 12
44.0 1028 13
20.0 1 14
282.0 1 0
104.0 6 1
19.0 1 2
14.0 1 3
17.0 1 4
69.0 1 5
49.0 1 6
148.0 5 7
6.0 262 8
251.0 1405 9
37.0 1 10
21.0 3 11
125.0 1 12
20.0 6 13
20.0 1 14
144.0 2 0
27.0 160 1
18.0 7 2
18.0 2 3
32.0 1 4
61.0 1 5
5.0 1 6
79.0 1 7
180.0 1 8
136.0 1 9
249.0 8 10
2.0 1 11
47.0 331 12
62.0 1 13
52.0 2 14
106.0 1964 0
96.0 1 1
116.0 1 2
5.0 192 3
23.0 1 4
63.0 628081 5
15.0 1 6
222.0 4 7
78.0 9 8
74.0 83504 9
546.0 1 10
39.0 2 11
40.0 13868 12
222.0 1 13
254.0 2 14
175.0 1 0
3.0 2882 1
135.0 3 2
33.0 3 3
363.0 91662 4
81.0 1 5
89.0 1 6
72.0 7 7
86.0 1 8
8.0 7 9
107.0 1 10
47.0 2696 11
44.0 26 12
134.0 1 13
60.0 1511 14
432.0 7 0
6.0 9 1
54.0 347 2
3.0 1 3
278.0 1 4
96.0 6 5
399.0 1 6
64.0 43 7
30.0 1 8
253.0 1 9
101.0 3 10
97.0 1 11
6.0 1 12
156.0 1 13
449.0 1 14
58.0 3 0
63.0 1690 1
146.0 1 2
242.0 5 3
16.0 2441 4
43.0 1 5
5.0 1 6
2.0 1 7
155.0 1 8
279.0 186 9
261.0 1 10
71.0 1 11
111.0 1 12
75.0 1 13
68.0 1 14
464.0 121 0
136.0 1 1
76.0 1 2
169.0 1 3
17.0 2 4
72.0 89 5
169.0 1 6
66.0 1 7
433.0 1 8
32.0 2384 9
37.0 8 10
39.0 153 11
18.0 332 12
16.0 255 13
411.0 13343 14
41.0 2 0
51.0 67664 1
571.0 1 2
177.0 2 3
111.0 435760 4
14.0 3 5
191.0 1 6
101.0 3 7
25.0 1 8
148.0 1 9
48.0 2 10
30.0 1 11
50.0 1 12
31.0 1 13
105.0 75 14
461.0 1 0
73.0 5 1
116.0 1 2
137.0 307 3
86.0 1 4
128.0 1 5
123.0 1 6
12.0 1 7
349.0 497 8
282.0 3 9
12.0 7 10
76.0 827265 11
64.0 1 12
198.0 260 13
24.0 2 14
22.0 1 0
162.0 1 1
165.0 1 2
283.0 1 3
156.0 3 4
23.0 6 5
127.0 110 6
71.0 155 7
4.0 1 8
49.0 1 9
74.0 1 10
65.0 1 11
191.0 2 12
214.0 1 13
92.0 1 14
32.0 1 0
156.0 1 1
89.0 6 2
165.0 1 3
129.0 3 4
152.0 4 5
57.0 88 6
71.0 3 7
116.0 158 8
39.0 1 9
100.0 1 10
36.0 2 11
179.0 1 12
9.0 2 13
338.0 1 14
74.0 1 0
53.0 2127 1
9.0 2 2
67.0 1 3
1.0 1 4
11.0 1 5
455.0 4 6
258.0 3 7
40.0 3 8
4.0 7 9
2.0 793 10
134.0 1 11
115.0 358 12
174.0 1 13
45.0 1 14
83.0 1 0
266.0 9 1
207.0 1 2
14.0 5 3
67.0 3 4
0.0 2 5
294.0 1 6
45.0 1 7
49.0 1 8
135.0 1731 9
37.0 69747 10
97.0 79 11
9.0 1 12
481.0 3 13
64.0 1 14
221.0 156 0
99.0 2610 1
0.0 1 2
118.0 1 3
45.0 1 4
110.0 1 5
93.0 1 6
284.0 1 7
17.0 1 8
247.0 1 9
182.0 853222 10
153.0 1 11
28.0 2182 12
18.0 259 13
330.0 4 14
172.0 1 0
10.0 1 1
58.0 3 2
44.0 9 3
240.0 1 4
103.0 1 5
243.0 3 6
257.0 2592 7
15.0 8 8
125.0 1 9
32.0 203 10
129.0 3 11
56.0 269 12
965.0 1 13
7.0 2000 14
35.0 7 0
7.0 8 1
243.0 2 2
126.0 1 3
135.0 6 4
394.0 99 5
112.0 1 6
53.0 1 7
152.0 5 8
98.0 1477 9
53.0 7 10
59.0 1 11
35.0 1 12
293.0 1 13
51.0 151 14
285.0 2344 0
161.0 1 1
100.0 1 2
117.0 1 3
235.0 1 4
169.0 6 5
318.0 1 6
66.0 1 7
250.0 1467 8
52.0 16392 9
101.0 1 10
51.0 1 11
31.0 1 12
19.0 1 13
233.0 2 14
330.0 140 0
118.0 3 1
351.0 1 2
76.0 1 3
311.0 1 4
23.0 1 5
18.0 1 6
13.0 3 7
355.0 1 8
238.0 1 9
239.0 1 10
320.0 1 11
63.0 1 12
39.0 17992 13
314.0 1 14
70.0 4 0
412.0 93 1
104.0 1 2
181.0 6 3
387.0 116 4
4.0 1 5
34.0 57369 6
7.0 1 7
293.0 93395 8
25.0 8 9
415.0 4 10
104.0 3 11
49.0 1 12
101.0 21 13
91.0 1 14
199.0 1 0
69.0 1 1
64.0 1 2
43.0 3 3
96.0 1 4
58.0 1 5
29.0 2 6
162.0 210 7
453.0 1 8
49.0 2 9
51.0 1 10
14.0 1 11
88.0 1 12
201.0 1 13
175.0 3 14
41.0 1 0
272.0 1 1
64.0 2723 2
300.0 3 3
60.0 1 4
455.0 2 5
20.0 1 6
208.0 7 7
210.0 1 8
26.0 1 9
29.0 1 10
209.0 1 11
107.0 1 12
297.0 2 13
28.0 1 14
28.0 1 0
136.0 1 1
157.0 1 2
36.0 1 3
63.0 5 4
133.0 1 5
26.0 1 6
17.0 5 7
13.0 1 8
20.0 1 9
32.0 7 10
232.0 390 11
229.0 1 12
28.0 203 13
8.0 1 14
180.0 2 0
372.0 1 1
153.0 1 2
47.0 239 3
14.0 105 4
43.0 1 5
229.0 1 6
262.0 47105 7
187.0 86212 8
272.0 1 9
7.0 3 10
14.0 1 11
358.0 6 12
228.0 1 13
103.0 1 14
27.0 1 0
45.0 2 1
173.0 3 2
182.0 7 3
13.0 2 4
92.0 1 5
15.0 1 6
21.0 3 7
232.0 1 8
60.0 7 9
231.0 1 10
101.0 1 11
280.0 1 12
13.0 1 13
1.0 1 14
22.0 932 0
11.0 33130 1
11.0 1 2
459.0 2 3
203.0 2 4
106.0 1 5
86.0 1878 6
210.0 1 7
26.0 2 8
129.0 320 9
13.0 2 10
339.0 43746 11
176.0 36240 12
28.0 1 13
211.0 139 14
20.0 1 0
112.0 1 1
627.0 1 2
192.0 2 3
32.0 2 4
20.0 19 5
43.0 7 6
126.0 1 7
33.0 161 8
25.0 1 9
28.0 7 10
244.0 122 11
43.0 1 12
246.0 304 13
12.0 1 14
86.0 787599 0
69.0 1 1
321.0 2 2
141.0 1 3
32.0 1 4
150.0 64793 5
111.0 3 6
30.0 140 7
122.0 1 8
104.0 84 9
39.0 1 10
42.0 1 11
36.0 1 12
202.0 1 13
322.0 1 14
261.0 1 0
90.0 1 1
84.0 1 2
57.0 1 3
348.0 1 4
23.0 8 5
17.0 75 6
128.0 1 7
134.0 5 8
280.0 1 9
170.0 1 10
34.0 1 11
41.0 2 12
44.0 1 13
8.0 1 14
21.0 8 0
34.0 1 1
80.0 8 2
2.0 1 3
6.0 2 4
733.0 2 5
112.0 1 6
239.0 796 7
102.0 11 8
9.0 329 9
182.0 146 10
263.0 63 11
151.0 1 12
236.0 1 13
177.0 1 14
92.0 1 0
236.0 1 1
79.0 1 2
36.0 2 3
12.0 1864 4
61.0 1 5
64.0 1 6
173.0 4 7
232.0 1 8
45.0 406 9
236.0 1 10
25.0 843 11
25.0 1 12
13.0 1 13
149.0 1987 14
182.0 1 0
50.0 1 1
7.0 3 2
50.0 142 3
252.0 1 4
13.0 2 5
348.0 9 6
87.0 1 7
154.0 1 8
4.0 1 9
64.0 101 10
96.0 1 11
829.0 1 12
149.0 1 13
36.0 46551 14
89.0 4 0
232.0 3 1
105.0 7 2
443.0 2 3
183.0 1 4
267.0 55 5
239.0 2 6
237.0 8 7
140.0 2 8
31.0 9 9
26.0 1 10
59.0 38081 11
457.0 3 12
89.0 1483 13
295.0 1 14
50.0 2 0
366.0 3 1
22.0 1 2
129.0 74029 3
35.0 1 4
131.0 63 5
7.0 1 6
67.0 1 7
200.0 2 8
25.0 1 9
50.0 1 10
327.0 1 11
2.0 1 12
97.0 1 13
49.0 1 14
139.0 1 0
277.0 1 1
12.0 3 2
44.0 1 3
85.0 96 4
30.0 71609 5
77.0 412 6
27.0 1 7
151.0 1 8
151.0 2 9
107.0 3 10
93.0 1 11
24.0 356 12
0.0 6 13
7.0 1 14
2.0 1 0
22.0 1 1
334.0 208 2
266.0 285 3
27.0 1 4
118.0 6 5
320.0 1 6
102.0 1 7
44.0 1 8
63.0 2159 9
236.0 278 10
17.0 1 11
50.0 6 12
73.0 571747 13
151.0 1 14
159.0 1 0
283.0 1 1
51.0 1 2
213.0 161 3
11.0 7 4
22.0 5 5
114.0 1 6
104.0 1356 7
175.0 1 8
220.0 3 9
55.0 1 10
319.0 1 11
76.0 1 12
213.0 149 13
128.0 86 14
94.0 1 0
70.0 1 1
41.0 5 2
66.0 1 3
99.0 1 4
82.0 2 5
157.0 6 6
125.0 1 7
143.0 317 8
2.0 1 9
29.0 1 10
102.0 1 11
104.0 5 12
263.0 5338 13
400.0 1 14
79.0 1 0
16.0 4 1
333.0 1 2
101.0 1 3
133.0 1 4
156.0 190 5
99.0 63 6
119.0 1 7
163.0 3 8
24.0 1 9
7.0 7 10
43.0 2 11
33.0 1 12
39.0 1 13
223.0 1 14
91.0 1 0
16.0 1 1
31.0 3 2
194.0 9 3
71.0 1 4
97.0 5 5
456.0 2 6
97.0 1 7
275.0 2 8
558.0 3 9
148.0 1 10
150.0 1 11
17.0 1 12
156.0 1 13
202.0 162 14
273.0 1 0
49.0 1 1
141.0 9 2
71.0 3 3
220.0 1 4
224.0 284 5
28.0 2 6
38.0 3 7
53.0 1 8
265.0 1 9
15.0 1 10
67.0 1 11
103.0 1 12
244.0 3 13
46.0 1 14
138.0 1 0
101.0 1 1
35.0 4 2
45.0 1 3
87.0 1 4
23.0 305 5
38.0 27 6
130.0 1 7
21.0 1 8
54.0 1 9
76.0 2 10
69.0 1 11
128.0 1 12
2.0 1 13
375.0 118 14
34.0 4 0
30.0 103 1
207.0 56350 2
382.0 3 3
2.0 1 4
65.0 3 5
78.0 1 6
5.0 1 7
49.0 8 8
278.0 1 9
203.0 1 10
107.0 3 11
70.0 1 12
53.0 1 13
20.0 1 14
95.0 1 0
106.0 2207 1
69.0 1 2
266.0 4 3
13.0 1263 4
159.0 1 5
30.0 8 6
22.0 344 7
14.0 1 8
71.0 1 9
286.0 1 10
1.0 7 11
57.0 1 12
45.0 1 13
84.0 1 14
144.0 2 0
50.0 1 1
95.0 1 2
21.0 166 3
62.0 1 4
4.0 1 5
24.0 1 6
40.0 1 7
198.0 2 8
76.0 1 9
75.0 255 10
12.0 828 11
404.0 3 12
26.0 2 13
159.0 1 14
71.0 1 0
76.0 317734 1
42.0 1 2
23.0 1 3
7.0 1 4
39.0 854 5
19.0 97 6
6.0 93829 7
155.0 9 8
245.0 1 9
20.0 1 10
65.0 63895 11
101.0 1 12
122.0 1 13
292.0 1 14
199.0 264 0
121.0 1 1
3.0 4 2
27.0 9 3
676.0 1 4
85.0 3 5
95.0 1 6
14.0 1 7
343.0 3 8
279.0 1 9
24.0 155 10
25.0 1 11
5.0 291 12
175.0 1 13
5.0 1 14
18.0 1 0
475.0 539 1
50.0 2 2
44.0 6 3
139.0 1 4
93.0 3 5
109.0 1 6
80.0 83457 7
12.0 1 8
131.0 1 9
29.0 1 10
237.0 3 11
342.0 1 12
128.0 1 13
71.0 4618 14
177.0 1 0
140.0 2 1
290.0 48289 2
521.0 1 3
60.0 3 4
398.0 1 5
298.0 1 6
35.0 2 7
176.0 1 8
18.0 2 9
4.0 1 10
110.0 1 11
250.0 1 12
135.0 1 13
59.0 2 14
4.0 1 0
152.0 1 1
12.0 1 2
236.0 1 3
63.0 1 4
89.0 1 5
165.0 240 6
134.0 115 7
33.0 1 8
17.0 3 9
141.0 2709 10
382.0 9 11
3.0 1 12
39.0 1 13
341.0 1 14
295.0 1 0
43.0 433112 1
103.0 1 2
99.0 1 3
0.0 1 4
157.0 2 5
118.0 1 6
81.0 1 7
207.0 1 8
284.0 1721 9
143.0 1 10
29.0 1868 11
19.0 1 12
158.0 338 13
16.0 1066 14
407.0 1 0
89.0 1 1
182.0 1 2
18.0 1 3
117.0 1 4
107.0 2 5
215.0 1 6
231.0 1 7
106.0 346 8
125.0 6 9
111.0 277 10
17.0 1 11
31.0 1 12
12.0 1 13
13.0 1 14
414.0 1 0
152.0 4 1
44.0 1 2
151.0 1 3
117.0 77833 4
22.0 1 5
93.0 1 6
6.0 7 7
63.0 1 8
15.0 324 9
0.0 2 10
656.0 1 11
17.0 206 12
21.0 91 13
87.0 1 14
123.0 276 0
71.0 4 1
12.0 1 2
185.0 1 3
120.0 2373 4
525.0 3 5
65.0 1 6
177.0 3 7
129.0 1109 8
35.0 1 9
96.0 1 10
143.0 1 11
352.0 4 12
186.0 1 13
59.0 1 14
25.0 5 0
44.0 5 1
24.0 1 2
152.0 1 3
101.0 1 4
64.0 5 5
57.0 4 6
15.0 1 7
49.0 2 8
6.0 805 9
3.0 1 10
75.0 554 11
23.0 1 12
225.0 1 13
35.0 7 14
143.0 1 0
158.0 1 1
72.0 1 2
104.0 1 3
150.0 1 4
243.0 1 5
13.0 1 6
32.0 1 7
28.0 1 8
255.0 3 9
36.0 1 10
1077.0 1 11
64.0 1 12
64.0 1 13
105.0 1 14
72.0 4 0
101.0 1 1
69.0 1 2
340.0 1 3
200.0 1 4
74.0 1 5
59.0 77491 6
242.0 266 7
25.0 3 8
17.0 1 9
52.0 1 10
78.0 7 11
6.0 1163 12
223.0 3 13
242.0 2688 14
52.0 1 0
108.0 2 1
118.0 2 2
16.0 1 3
48.0 1 4
61.0 1 5
40.0 3 6
213.0 1 7
43.0 1 8
82.0 53 9
113.0 1 10
21.0 1 11
263.0 1 12
116.0 1 13
29.0 1 14
46.0 1 0
46.0 1 1
276.0 4 2
32.0 1 3
144.0 1 4
55.0 1 5
139.0 1 6
287.0 1 7
90.0 2839 8
194.0 6 9
18.0 1 10
281.0 9 11
110.0 1 12
230.0 136 13
56.0 1 14
186.0 366 0
99.0 2 1
16.0 1 2
7.0 1 3
46.0 1 4
15.0 1 5
18.0 1 6
183.0 4 7
24.0 2115 8
4.0 3 9
98.0 496 10
101.0 2 11
36.0 1 12
87.0 75 13
359.0 1 14
8.0 1 0
159.0 2 1
46.0 5115 2
10.0 1 3
534.0 2 4
75.0 1 5
113.0 1 6
130.0 1 7
79.0 1 8
200.0 1 9
86.0 1792 10
7.0 1 11
29.0 1 12
39.0 3 13
114.0 1 14
21.0 2 0
11.0 1 1
299.0 3 2
104.0 3 3
131.0 1 4
18.0 33961 5
211.0 1 6
64.0 537734 7
57.0 3 8
124.0 1 9
14.0 314 10
133.0 1 11
187.0 1 12
63.0 2 13
260.0 1 14
262.0 4 0
122.0 3 1
173.0 1 2
261.0 1 3
95.0 8 4
104.0 2 5
134.0 7 6
94.0 332 7
31.0 1 8
136.0 922 9
143.0 1 10
250.0 6 11
71.0 1 12
39.0 1 13
144.0 1 14
185.0 3 0
46.0 1 1
41.0 1 2
396.0 3 3
261.0 9 4
50.0 1 5
102.0 132 6
311.0 4 7
28.0 2 8
103.0 2 9
425.0 3 10
12.0 2 11
39.0 2 12
315.0 1632 13
57.0 217 14
307.0 1 0
171.0 1 1
273.0 1 2
132.0 340 3
46.0 347 4
176.0 1 5
213.0 1 6
72.0 127 7
361.0 2452 8
66.0 7 9
67.0 3 10
59.0 1 11
103.0 1 12
141.0 1 13
38.0 2381 14
116.0 1 0
170.0 4 1
313.0 1 2
48.0 1 3
31.0 1 4
78.0 1 5
193.0 7 6
38.0 1 7
177.0 260 8
9.0 5 9
68.0 1 10
24.0 1 11
62.0 1298 12
75.0 1 13
88.0 1 14
192.0 104 0
194.0 1 1
169.0 712 2
137.0 1 3
85.0 1 4
141.0 1 5
193.0 1 6
54.0 2 7
32.0 3 8
86.0 1 9
35.0 254 10
404.0 1 11
56.0 8 12
66.0 1 13
4.0 9 14
146.0 1 0
51.0 1 1
35.0 1 2
46.0 7 3
28.0 6 4
37.0 2 5
20.0 1 6
13.0 1 7
75.0 2 8
26.0 85346 9
122.0 2 10
46.0 1 11
51.0 3 12
30.0 1 13
242.0 9 14
16.0 1 0
102.0 1 1
64.0 1 2
363.0 3 3
147.0 1 4
162.0 1 5
30.0 1 6
341.0 1 7
176.0 235 8
6.0 6 9
12.0 2581 10
165.0 1 11
16.0 3 12
2.0 3 13
41.0 1 14
93.0 1 0
210.0 1 1
235.0 1 2
176.0 1 3
30.0 3 4
88.0 1 5
105.0 5 6
181.0 1 7
6.0 1 8
117.0 10951 9
7.0 327 10
253.0 146 11
3.0 2 12
67.0 1 13
39.0 1 14
89.0 1071 0
45.0 487 1
2.0 1 2
100.0 1 3
68.0 4 4
25.0 137 5
23.0 1 6
390.0 1 7
252.0 3 8
26.0 56903 9
86.0 1 10
71.0 3 11
308.0 1 12
255.0 148 13
110.0 211 14
44.0 6 0
99.0 1 1
24.0 9 2
19.0 1 3
207.0 2356 4
70.0 741516 5
56.0 1 6
18.0 1 7
108.0 1 8
0.0 1 9
65.0 2459 10
104.0 113 11
220.0 60 12
13.0 1 13
72.0 1 14
435.0 1 0
41.0 3 1
22.0 2436 2
164.0 1 3
157.0 236 4
182.0 1 5
7.0 383768 6
46.0 1 7
301.0 1 8
165.0 1 9
43.0 1 10
106.0 3 11
153.0 4 12
109.0 1 13
13.0 1 14
143.0 1 0
20.0 334 1
72.0 333 2
40.0 163 3
89.0 1 4
30.0 13894 5
138.0 78 6
182.0 1 7
130.0 7 8
80.0 4 9
7.0 3 10
74.0 1 11
136.0 1 12
363.0 1 13
340.0 1 14
171.0 67440 0
209.0 2 1
35.0 2 2
170.0 1 3
0.0 1 4
24.0 1 5
79.0 372 6
170.0 1 7
131.0 2 8
105.0 1 9
22.0 1 10
221.0 53156 11
130.0 4 12
17.0 1 13
75.0 50905 14
218.0 3 0
255.0 2 1
53.0 3 2
188.0 2 3
168.0 1 4
16.0 3 5
16.0 1 6
285.0 1 7
293.0 4 8
32.0 1 9
175.0 1 10
31.0 1 11
115.0 1 12
15.0 2 13
28.0 2855 14
9.0 351 0
41.0 1 1
21.0 8 2
55.0 3 3
288.0 4 4
69.0 1 5
16.0 1 6
71.0 3 7
306.0 2 8
143.0 1 9
205.0 272 10
11.0 1 11
175.0 2 12
214.0 2 13
5.0 4 14
7.0 4 0
56.0 1 1
461.0 5 2
18.0 1 3
574.0 1 4
162.0 2 5
30.0 1 6
135.0 2611 7
6.0 1 8
12.0 3 9
197.0 8 10
124.0 245 11
139.0 317 12
132.0 40 13
83.0 3 14
312.0 2168 0
4.0 1 1
14.0 3 2
86.0 3 3
57.0 2 4
116.0 1 5
50.0 67 6
116.0 2 7
366.0 240 8
201.0 1 9
157.0 45 10
408.0 6 11
2.0 759 12
104.0 1 13
188.0 1 14
311.0 3 0
43.0 1 1
153.0 1 2
127.0 419 3
401.0 71133 4
93.0 1 5
18.0 1 6
121.0 1 7
27.0 3 8
11.0 1 9
75.0 3 10
229.0 1 11
22.0 1 12
141.0 1 13
163.0 1 14
169.0 1 0
44.0 1 1
13.0 3 2
81.0 1 3
181.0 2 4
370.0 1 5
25.0 1 6
20.0 8 7
35.0 3 8
31.0 177 9
8.0 78567 10
130.0 308 11
92.0 1 12
174.0 1 13
13.0 1 14
86.0 1 0
288.0 1 1
68.0 3 2
64.0 1 3
275.0 1 4
61.0 1 5
33.0 1 6
126.0 3 7
3.0 1137 8
132.0 7 9
50.0 3 10
44.0 1 11
272.0 4 12
173.0 1 13
103.0 1 14
96.0 8 0
88.0 150 1
45.0 2 2
62.0 80 3
107.0 3 4
139.0 2317 5
173.0 1 6
137.0 1 7
104.0 1 8
161.0 4 9
138.0 357 10
133.0 1 11
51.0 7 12
103.0 267 13
69.0 1 14
107.0 7 0
34.0 883 1
6.0 1 2
13.0 1 3
56.0 1 4
235.0 1 5
277.0 1 6
54.0 1 7
14.0 2 8
126.0 3 9
19.0 1 10
81.0 1 11
51.0 1 12
122.0 1 13
112.0 1 14
73.0 2 0
18.0 1 1
396.0 1 2
16.0 1 3
170.0 1 4
22.0 1 5
41.0 8 6
52.0 6 7
482.0 1 8
163.0 731715 9
92.0 1 10
294.0 5 11
173.0 1 12
109.0 1 13
26.0 1 14
28.0 2 0
7.0 5 1
55.0 2 2
12.0 1 3
48.0 1 4
211.0 2 5
261.0 1 6
525.0 39516 7
71.0 2 8
13.0 1 9
117.0 6 10
77.0 2 11
185.0 1 12
142.0 1 13
91.0 2 14
252.0 2 0
153.0 49 1
11.0 82 2
120.0 1 3
214.0 5 4
111.0 1 5
77.0 3 6
107.0 1 7
113.0 1 8
305.0 1 9
40.0 1 10
138.0 218 11
9.0 2 12
90.0 3 13
8.0 1 14
217.0 1 0
72.0 48672 1
323.0 44859 2
192.0 1 3
128.0 3 4
211.0 1 5
64.0 7 6
314.0 1 7
14.0 1 8
19.0 4 9
55.0 1 10
63.0 1 11
140.0 43378 12
45.0 1 13
297.0 141 14
51.0 1 0
19.0 1 1
33.0 65840 2
296.0 2 3
90.0 1 4
69.0 1 5
9.0 1 6
437.0 8 7
13.0 2722 8
17.0 3 9
274.0 330 10
33.0 2 11
179.0 1 12
1.0 88364 13
20.0 1 14
13.0 1096 0
47.0 1 1
121.0 6 2
26.0 1 3
52.0 8 4
2.0 48355 5
37.0 3 6
45.0 3 7
75.0 1 8
37.0 3 9
43.0 1 10
18.0 4 11
11.0 1 12
15.0 1 13
137.0 9 14
50.0 9 0
311.0 1 1
15.0 1 2
191.0 336882 3
222.0 1 4
69.0 689877 5
123.0 3 6
16.0 665 7
65.0 238 8
583.0 363 9
26.0 1 10
29.0 179 11
19.0 1 12
51.0 1 13
26.0 1 14
169.0 107 0
45.0 2 1
153.0 1 2
174.0 1100 3
187.0 4 4
49.0 1401 5
205.0 3 6
226.0 1 7
23.0 1 8
155.0 120 9
8.0 1 10
114.0 1 11
274.0 1 12
129.0 5 13
468.0 1 14
283.0 1 0
142.0 1 1
214.0 7 2
239.0 6 3
308.0 8 4
57.0 1 5
4.0 7 6
44.0 8 7
88.0 1 8
408.0 1 9
14.0 1 10
153.0 1 11
72.0 79434 12
236.0 1 13
155.0 1 14
214.0 2 0
28.0 1 1
77.0 1 2
61.0 1 3
208.0 2 4
113.0 1 5
131.0 1 6
62.0 1 7
26.0 1 8
52.0 1 9
21.0 365 10
58.0 1 11
64.0 1 12
0.0 1 13
365.0 1 14
80.0 1 0
53.0 7 1
12.0 3 2
60.0 5 3
66.0 1 4
56.0 1 5
199.0 1 6
58.0 1 7
11.0 1 8
370.0 4 9
330.0 1 10
182.0 912 11
47.0 1 12
8.0 295 13
32.0 3 14
8.0 1 0
108.0 1 1
58.0 152 2
7.0 1 3
37.0 1 4
217.0 1 5
1.0 1 6
33.0 1 7
175.0 2 8
26.0 1436 9
26.0 1 10
228.0 1 11
126.0 1 12
166.0 1 13
119.0 2 14
76.0 2386 0
101.0 1 1
204.0 1 2
125.0 705 3
185.0 1 4
28.0 1 5
144.0 6 6
254.0 4 7
68.0 15887 8
99.0 1 9
29.0 1 10
58.0 1 11
19.0 1 12
201.0 22086 13
205.0 2 14
121.0 9 0
313.0 2 1
74.0 122 2
110.0 1 3
267.0 1 4
5.0 254 5
22.0 34978 6
18.0 1 7
7.0 1 8
7.0 1 9
238.0 1 10
10.0 1 11
8.0 83 12
693.0 72954 13
148.0 3 14
79.0 1 0
17.0 1 1
36.0 1 2
157.0 361 3
95.0 2 4
16.0 57503 5
22.0 1 6
12.0 1 7
8.0 1 8
67.0 1 9
155.0 166 10
253.0 283 11
99.0 1 12
423.0 5 13
52.0 80 14
142.0 2 0
44.0 1 1
110.0 1546 2
105.0 135 3
41.0 1 4
190.0 1 5
39.0 1 6
61.0 1 7
34.0 4 8
190.0 1 9
20.0 1 10
28.0 1 11
0.0 6 12
27.0 36969 13
344.0 1 14
165.0 1 0
84.0 1 1
33.0 8 2
213.0 7 3
104.0 1 4
418.0 32796 5
356.0 1 6
295.0 1 7
372.0 1 8
76.0 1 9
149.0 3 10
3.0 1 11
118.0 1 12
33.0 2 13
26.0 2 14
107.0 4 0
255.0 1 1
23.0 1 2
47.0 3 3
328.0 1906 4
184.0 1 5
57.0 1 6
206.0 374264 7
112.0 62 8
172.0 7 9
98.0 1 10
5.0 2074 11
27.0 53303 12
69.0 1 13
333.0 1 14
81.0 1 0
354.0 6 1
195.0 1529 2
7.0 1 3
17.0 1 4
17.0 2 5
59.0 1 6
107.0 336 7
43.0 1 8
43.0 8 9
12.0 1 10
130.0 1 11
21.0 8 12
77.0 7 13
65.0 1 14
2.0 4 0
127.0 1 1
47.0 15 2
802.0 4 3
126.0 7 4
27.0 3 5
107.0 1 6
49.0 275 7
150.0 2 8
39.0 2521 9
41.0 3 10
360.0 1 11
105.0 1 12
67.0 315 13
46.0 1 14
205.0 1 0
261.0 1 1
64.0 8 2
25.0 2 3
13.0 1 4
134.0 1 5
72.0 1 6
52.0 3 7
106.0 1 8
575.0 1 9
98.0 2 10
15.0 1 11
199.0 35037 12
108.0 2 13
376.0 8 14
25.0 979 0
61.0 365 1
223.0 1 2
217.0 3 3
87.0 1 4
359.0 2 5
151.0 1 6
101.0 1 7
74.0 1 8
178.0 7987 9
35.0 1 10
149.0 1 11
47.0 1 12
348.0 2 13
256.0 1 14
106.0 1 0
133.0 1 1
32.0 86119 2
64.0 2683 3
28.0 4 4
98.0 1 5
53.0 1 6
13.0 1 7
28.0 5 8
323.0 1 9
131.0 2 10
15.0 1 11
90.0 80318 12
29.0 9 13
36.0 1 14
92.0 1 0
109.0 1 1
187.0 1 2
20.0 4 3
21.0 1 4
39.0 3 5
27.0 5 6
2.0 63352 7
136.0 2 8
42.0 1 9
475.0 1 10
29.0 1 11
51.0 9 12
31.0 1527 13
27.0 1119 14
276.0 2 0
53.0 178 1
139.0 1 2
2.0 4 3
1.0 1 4
219.0 1 5
25.0 1 6
13.0 1 7
5.0 2402 8
57.0 1 9
10.0 1 10
259.0 9 11
22.0 1 12
535.0 1 13
87.0 4 14
208.0 1 0
264.0 1 1
39.0 508 2
176.0 104 3
141.0 1 4
17.0 1 5
98.0 1 6
1.0 241 7
215.0 1 8
107.0 2 9
704.0 9 10
42.0 1 11
149.0 8 12
187.0 1 13
38.0 1 14
5.0 2 0
319.0 3 1
472.0 78325 2
52.0 60 3
38.0 2 4
21.0 2 5
12.0 1 6
11.0 1 7
94.0 147 8
33.0 1 9
104.0 4 10
13.0 1 11
67.0 313 12
25.0 4 13
8.0 2 14
11.0 1 0
123.0 1 1
264.0 1068 2
31.0 2 3
2.0 1 4
318.0 574588 5
49.0 1 6
235.0 1 7
37.0 4 8
165.0 1 9
116.0 1833 10
2.0 1 11
401.0 1 12
296.0 1 13
29.0 1 14
29.0 1 0
88.0 1 1
123.0 1 2
651.0 1 3
262.0 437 4
37.0 3 5
46.0 1 6
1.0 10 7
13.0 6 8
140.0 1 9
43.0 1 10
305.0 1 11
27.0 182 12
64.0 1 13
185.0 3 14
44.0 6776 0
3.0 1 1
514.0 3 2
6.0 1 3
4.0 1 4
73.0 1 5
32.0 1 6
93.0 1 7
6.0 789 8
177.0 2 9
98.0 1 10
4.0 1 11
25.0 1 12
14.0 1 13
43.0 2 14
90.0 1 0
85.0 3 1
42.0 1 2
34.0 5 3
115.0 1 4
207.0 1 5
283.0 1 6
72.0 1 7
49.0 1 8
183.0 248 9
640.0 1 10
208.0 1 11
306.0 1 12
39.0 1 13
94.0 2 14
378.0 85 0
55.0 1417 1
79.0 247 2
65.0 1 3
0.0 331 4
271.0 6 5
23.0 38274 6
116.0 1 7
246.0 2 8
700.0 6 9
74.0 1 10
247.0 1 11
130.0 2 12
63.0 9 13
212.0 1 14
225.0 1 0
86.0 1 1
120.0 1 2
14.0 48357 3
21.0 1 4
119.0 3 5
175.0 3 6
309.0 250 7
230.0 1 8
18.0 1 9
290.0 2 10
29.0 1 11
176.0 1 12
62.0 3 13
11.0 1 14
64.0 1 0
290.0 1 1
64.0 8 2
490.0 1 3
28.0 1 4
141.0 7 5
217.0 1 6
201.0 4 7
195.0 1654 8
223.0 1 9
40.0 1 10
322.0 1 11
219.0 3 12
86.0 3 13
334.0 1 14
181.0 3 0
139.0 1 1
63.0 1 2
40.0 4 3
18.0 153 4
119.0 9 5
204.0 13 6
79.0 1 7
473.0 1 8
259.0 1 9
154.0 2 10
256.0 1 11
50.0 1 12
97.0 1 13
152.0 1 14
228.0 1 0
309.0 7 1
163.0 1 2
209.0 1 3
2.0 1 4
36.0 1 5
27.0 1 6
187.0 7 7
226.0 28 8
173.0 1 9
291.0 188 10
27.0 1 11
21.0 1 12
7.0 1 13
302.0 2216 14
121.0 1 0
27.0 1 1
36.0 1 2
86.0 1 3
393.0 1 4
86.0 2096 5
69.0 1 6
9.0 1 7
56.0 1 8
69.0 67329 9
51.0 1 10
131.0 9 11
168.0 5 12
40.0 9 13
56.0 1 14
247.0 2681 0
16.0 1 1
608.0 1 2
52.0 1 3
101.0 1 4
39.0 3 5
50.0 1 6
12.0 1451 7
161.0 2432 8
30.0 1 9
479.0 1 10
109.0 1 11
190.0 668 12
14.0 1 13
3.0 1 14
147.0 3 0
55.0 1 1
27.0 1 2
85.0 1 3
177.0 1 4
246.0 329 5
295.0 1 6
221.0 2 7
37.0 3 8
18.0 46991 9
265.0 822 10
70.0 1 11
80.0 1 12
250.0 1 13
61.0 1 14
23.0 14 0
87.0 126 1
110.0 1 2
29.0 4 3
162.0 5 4
89.0 1 5
29.0 1 6
66.0 2 7
229.0 9 8
84.0 1 9
69.0 1 10
330.0 1 11
138.0 1 12
101.0 5 13
139.0 1 14
107.0 1 0
49.0 4 1
28.0 6 2
40.0 1590 3
64.0 32338 4
26.0 1 5
305.0 1 6
115.0 1 7
115.0 2985 8
18.0 1 9
3.0 1 10
103.0 1544 11
418.0 2 12
247.0 1 13
141.0 45 14
126.0 1 0
33.0 37351 1
79.0 1 2
129.0 1 3
111.0 2 4
205.0 4 5
129.0 201 6
50.0 283 7
139.0 425 8
9.0 3 9
52.0 1 10
3.0 1 11
295.0 2 12
146.0 1 13
148.0 2 14
8.0 4 0
206.0 2 1
4.0 1 2
53.0 1 3
8.0 1 4
7.0 617394 5
228.0 87895 6
168.0 1 7
25.0 1 8
21.0 4 9
200.0 1 10
196.0 5 11
156.0 209 12
224.0 1 13
104.0 2 14
39.0 1 0
230.0 140 1
2.0 1 2
71.0 1 3
22.0 1 4
238.0 3 5
126.0 5 6
10.0 1 7
90.0 1 8
15.0 1 9
481.0 1 10
88.0 1 11
145.0 1 12
266.0 2 13
36.0 1 14
42.0 1 0
5.0 1 1
79.0 1 2
194.0 1 3
71.0 1 4
393.0 227 5
274.0 1 6
138.0 1 7
70.0 30791 8
28.0 7 9
36.0 1 10
31.0 1 11
1.0 1 12
16.0 334 13
134.0 87980 14
127.0 2 0
220.0 203746 1
216.0 4 2
112.0 5 3
33.0 1 4
65.0 1 5
308.0 1 6
186.0 1 7
37.0 1 8
159.0 4 9
114.0 2 10
44.0 1 11
215.0 1 12
80.0 1 13
229.0 3 14
14.0 4 0
96.0 1 1
53.0 3 2
226.0 1 3
253.0 2 4
6.0 1 5
159.0 1 6
10.0 1 7
114.0 1 8
56.0 1 9
89.0 1 10
124.0 1 11
6.0 1 12
8.0 2234 13
98.0 3 14
1.0 1 0
108.0 1 1
99.0 1 2
141.0 8 3
218.0 7 4
33.0 2 5
138.0 1 6
319.0 241 7
177.0 104 8
172.0 1 9
26.0 1 10
28.0 265 11
401.0 1 12
312.0 1 13
37.0 8 14
134.0 55431 0
23.0 1 1
423.0 1 2
39.0 175 3
320.0 2 4
35.0 1 5
85.0 1 6
32.0 1 7
21.0 1 8
56.0 3 9
48.0 3 10
171.0 3 11
78.0 3 12
55.0 1 13
8.0 1 14
243.0 60583 0
5.0 792263 1
318.0 136 2
1.0 1 3
102.0 1 4
44.0 3 5
265.0 1 6
20.0 1 7
570.0 2471 8
421.0 1 9
52.0 2 10
275.0 1 11
20.0 7 12
155.0 3 13
118.0 5 14
79.0 1 0
87.0 4 1
198.0 4 2
40.0 1 3
108.0 1 4
186.0 1 5
153.0 1 6
194.0 3 7
420.0 1 8
176.0 752 9
8.0 259 10
184.0 1 11
171.0 1 12
68.0 1 13
183.0 57641 14
119.0 1 0
31.0 1330 1
97.0 5 2
356.0 3 3
119.0 1 4
110.0 8 5
21.0 1 6
62.0 3 7
126.0 198 8
68.0 5 9
38.0 22196 10
315.0 4 11
234.0 1 12
107.0 1 13
55.0 916 14
176.0 1 0
1.0 2 1
81.0 2 2
57.0 1 3
173.0 1 4
326.0 1 5
98.0 1 6
327.0 5 7
23.0 1 8
56.0 1 9
83.0 3 10
10.0 1 11
12.0 1 12
118.0 59935 13
61.0 1 14
22.0 1 0
99.0 40 1
120.0 1 2
169.0 55349 3
27.0 344 4
132.0 5 5
49.0 1 6
6.0 658 7
68.0 1 8
610.0 2 9
24.0 1 10
89.0 1 11
243.0 1 12
108.0 1 13
170.0 1 14
30.0 1 0
42.0 1 1
7.0 1 2
10.0 1 3
67.0 1850 4
79.0 8 5
44.0 1 6
148.0 1 7
86.0 4 8
8.0 1 9
9.0 64 10
74.0 9 11
116.0 201 12
4.0 1 13
346.0 3 14
38.0 1077 0
149.0 1 1
22.0 3 2
345.0 1 3
32.0 3 4
70.0 1 5
480.0 1 6
44.0 1 7
197.0 1 8
239.0 284 9
67.0 3 10
230.0 1 11
89.0 1 12
51.0 930 13
23.0 1 14
35.0 265 0
49.0 1 1
355.0 1 2
294.0 348 3
431.0 2 4
109.0 1 5
115.0 278 6
73.0 2 7
103.0 1 8
244.0 1 9
2.0 133 10
28.0 1 11
33.0 4 12
291.0 5 13
107.0 3 14
21.0 1 0
122.0 3 1
111.0 1 2
418.0 1 3
478.0 1 4
248.0 1 5
27.0 1 6
73.0 1 7
3.0 1 8
101.0 2 9
110.0 1 10
34.0 1 11
32.0 13367 12
6.0 1 13
233.0 1 14
173.0 7 0
218.0 3 1
366.0 1 2
59.0 1 3
20.0 1 4
89.0 1 5
251.0 1 6
298.0 2 7
238.0 5 8
108.0 275 9
80.0 1 10
51.0 85859 11
47.0 2 12
327.0 5 13
166.0 8 14
249.0 35 0
169.0 7 1
107.0 1 2
100.0 2 3
77.0 4 4
137.0 50 5
39.0 1 6
384.0 1 7
38.0 1411 8
115.0 3 9
11.0 208 10
57.0 1 11
24.0 1 12
43.0 1 13
287.0 1 14
6.0 1 0
46.0 2 1
295.0 106 2
158.0 16140 3
99.0 9 4
65.0 3 5
25.0 1 6
55.0 1 7
27.0 1 8
110.0 1 9
153.0 5 10
42.0 2 11
36.0 10 12
45.0 4 13
21.0 1 14
64.0 112 0
210.0 3 1
15.0 1309 2
211.0 1 3
51.0 1 4
19.0 1 5
78.0 3 6
237.0 1 7
100.0 1 8
58.0 70776 9
77.0 225 10
120.0 1 11
17.0 1 12
12.0 1 13
143.0 1 14
141.0 64567 0
403.0 139 1
17.0 3 2
64.0 1 3
54.0 3 4
216.0 1780 5
47.0 1 6
11.0 1163 7
44.0 56804 8
1121.0 6283 9
24.0 1 10
131.0 6 11
39.0 45647 12
101.0 299 13
312.0 1 14
133.0 2 0
189.0 7 1
65.0 1 2
39.0 2 3
6.0 64828 4
