25.0 21 12
63.0 18 13
17.0 22 14
10.0 26 0
59.0 1637 1
25.0 48 2
41.0 787 3
16.0 83 4
7.0 1269 5
41.0 66 6
91.0 1026 7
5.0 512 8
17.0 7505 9
31.0 727 10
8.0 29 11
36.0 2759 12
2.0 138 13
26.0 107 14
58.0 73 0
3.0 40 1
46.0 50 2
12.0 167 3
12.0 32 4
23.0 8 5
33.0 783 6
4.0 15 7
36.0 358 8
17.0 40 9
9.0 274 10
26.0 8 11
19.0 8 12
53.0 37 13
17.0 2252 14
35.0 1868 0
26.0 158 1
16.0 148 2
32.0 8 3
38.0 20 4
10.0 8 5
23.0 408 6
32.0 25 7
16.0 57 8
39.0 72 9
1.0 8 10
51.0 14 11
28.0 12262 12
43.0 25206 13
69.0 46 14
17.0 240 0
20.0 1897 1
5.0 74 2
4.0 65 3
25.0 25 4
2.0 4842 5
11.0 86 6
1.0 8 7
26.0 28 8
6.0 879 9
17.0 8 10
10.0 3346 11
17.0 952 12
43.0 42 13
13.0 38 14
44.0 2319 0
3.0 20 1
3.0 3361 2
4.0 8417 3
22.0 18 4
21.0 28 5
13.0 2684 6
66.0 5338 7
6.0 4152 8
4.0 157 9
11.0 46 10
19.0 1758 11
20.0 1746 12
4.0 6632 13
1.0 65 14
42.0 10 0
31.0 7323 1
3.0 13 2
1.0 838 3
4.0 180 4
67.0 22 5
21.0 5778 6
26.0 782 7
38.0 53 8
71.0 24 9
27.0 8 10
26.0 23 11
109.0 9221 12
29.0 21 13
4.0 4390 14
26.0 4019 0
22.0 1416 1
63.0 3737 2
7.0 694 3
61.0 690 4
24.0 8 5
22.0 34 6
31.0 187 7
101.0 155 8
7.0 3289 9
5.0 84 10
9.0 8383 11
46.0 67 12
49.0 1815 13
54.0 10 14
65.0 48 0
11.0 4819 1
39.0 8 2
34.0 4585 3
46.0 25 4
42.0 26249 5
14.0 11 6
19.0 8578 7
27.0 28 8
30.0 8 9
55.0 49 10
3.0 1754 11
24.0 939 12
17.0 1207 13
7.0 23 14
12.0 3257 0
7.0 940 1
17.0 42 2
9.0 2578 3
3.0 31 4
43.0 67 5
10.0 85 6
8.0 55 7
29.0 442 8
14.0 788 9
1.0 8 10
94.0 18 11
11.0 25 12
16.0 27 13
30.0 501 14
22.0 35 0
15.0 57 1
75.0 26 2
29.0 45 3
31.0 45 4
38.0 64 5
1.0 8 6
21.0 48 7
32.0 416 8
6.0 4420 9
13.0 937 10
40.0 36 11
3.0 736 12
7.0 57 13
4.0 8860 14
54.0 24 0
35.0 9574 1
28.0 2640 2
4.0 61 3
8.0 32 4
7.0 8 5
10.0 8 6
8.0 8 7
1.0 21 8
0.0 23 9
7.0 61 10
21.0 39 11
14.0 27 12
68.0 838 13
14.0 3807 14
18.0 26 0
11.0 7600 1
47.0 49 2
17.0 1829 3
30.0 1298 4
17.0 8 5
18.0 11 6
18.0 1077 7
4.0 3252 8
13.0 8 9
10.0 117 10
4.0 5265 11
7.0 4158 12
49.0 25 13
10.0 8 14
14.0 8 0
7.0 1131 1
13.0 1213 2
23.0 140 3
26.0 1660 4
29.0 68 5
18.0 8 6
15.0 33 7
22.0 458 8
23.0 58 9
10.0 33 10
7.0 4570 11
18.0 138 12
3.0 8352 13
15.0 8 14
56.0 74 0
31.0 35 1
19.0 57 2
12.0 1922 3
14.0 567 4
15.0 13 5
1.0 141 6
46.0 28 7
48.0 1967 8
7.0 45 9
2.0 5488 10
7.0 101 11
8.0 33 12
146.0 26 13
16.0 8 14
7.0 8 0
13.0 66 1
34.0 66 2
4.0 8 3
34.0 830 4
32.0 36 5
53.0 822 6
27.0 24 7
10.0 324 8
14.0 9248 9
47.0 47 10
33.0 8 11
10.0 8 12
31.0 19 13
12.0 36 14
1.0 8 0
66.0 26 1
5.0 3077 2
40.0 36 3
27.0 505 4
50.0 19 5
26.0 1338 6
4.0 6203 7
31.0 146 8
19.0 8 9
6.0 48 10
86.0 24 11
17.0 2576 12
2.0 8 13
31.0 807 14
13.0 7140 0
24.0 8 1
45.0 51 2
6.0 20 3
54.0 8 4
30.0 537 5
27.0 111 6
14.0 46 7
46.0 3393 8
139.0 18913 9
18.0 8 10
65.0 3541 11
4.0 18 12
33.0 9 13
18.0 49 14
119.0 19 0
8.0 8 1
17.0 1610 2
41.0 1698 3
2.0 25 4
2.0 553 5
21.0 8 6
114.0 609 7
76.0 9 8
3.0 67 9
36.0 31 10
31.0 54 11
13.0 51 12
62.0 58 13
29.0 161 14
2.0 53 0
1.0 62 1
16.0 10 2
18.0 390 3
8.0 1502 4
31.0 8 5
53.0 26209 6
7.0 28 7
10.0 648 8
5.0 4347 9
1.0 67 10
13.0 26628 11
28.0 151 12
22.0 32 13
4.0 1371 14
1.0 8 0
71.0 6263 1
12.0 64 2
46.0 8 3
4.0 61 4
5.0 121 5
28.0 7392 6
53.0 1774 7
24.0 7631 8
22.0 4288 9
18.0 61 10
15.0 2615 11
1.0 53 12
16.0 3027 13
23.0 300 14
29.0 55 0
2.0 47 1
49.0 1501 2
20.0 25 3
6.0 822 4
7.0 755 5
3.0 21 6
5.0 3356 7
5.0 113 8
13.0 37 9
5.0 81 10
41.0 23 11
48.0 32 12
36.0 57 13
14.0 8 14
8.0 19 0
25.0 4522 1
28.0 8 2
97.0 1401 3
28.0 8 4
27.0 4595 5
5.0 36 6
37.0 36 7
7.0 50 8
27.0 19 9
33.0 8 10
15.0 34 11
32.0 8 12
5.0 2711 13
1.0 8 14
4.0 61 0
5.0 7537 1
37.0 1237 2
15.0 24 3
20.0 39 4
55.0 8 5
11.0 2281 6
1.0 911 7
62.0 26 8
1.0 746 9
38.0 31 10
8.0 94 11
4.0 1520 12
105.0 144 13
44.0 278 14
53.0 8 0
30.0 907 1
57.0 1852 2
9.0 57 3
4.0 182 4
20.0 8 5
16.0 1501 6
36.0 31 7
6.0 19 8
140.0 5705 9
6.0 58 10
2.0 38 11
52.0 47 12
9.0 16 13
17.0 42 14
12.0 10658 0
40.0 43 1
11.0 1504 2
34.0 19 3
6.0 4472 4
28.0 43 5
11.0 1513 6
17.0 13 7
80.0 4312 8
37.0 8 9
35.0 837 10
10.0 561 11
25.0 19 12
16.0 3197 13
27.0 99 14
8.0 58 0
4.0 8 1
42.0 553 2
46.0 547 3
6.0 8 4
13.0 1751 5
5.0 2313 6
22.0 26 7
63.0 1594 8
6.0 59 9
10.0 27 10
17.0 116 11
42.0 30 12
45.0 4268 13
34.0 1455 14
12.0 56 0
22.0 1518 1
0.0 40 2
29.0 1192 3
25.0 30 4
14.0 8 5
47.0 35 6
9.0 25656 7
23.0 46 8
2.0 38 9
1.0 19498 10
1.0 8 11
4.0 49 12
12.0 215 13
6.0 68 14
13.0 8 0
44.0 63 1
4.0 1821 2
2.0 71 3
99.0 96 4
54.0 22 5
62.0 244 6
65.0 74 7
158.0 12 8
46.0 8093 9
65.0 24 10
31.0 20 11
23.0 4030 12
24.0 11450 13
20.0 735 14
22.0 4280 0
22.0 5099 1
6.0 8 2
68.0 4441 3
3.0 26121 4
22.0 38 5
77.0 151 6
8.0 21 7
6.0 3012 8
4.0 110 9
10.0 28256 10
19.0 3375 11
26.0 19 12
64.0 8 13
54.0 762 14
19.0 8 0
7.0 48 1
6.0 23 2
32.0 628 3
18.0 19 4
28.0 8 5
15.0 56 6
68.0 4001 7
3.0 148 8
7.0 8 9
18.0 27 10
0.0 364 11
16.0 10 12
6.0 161 13
0.0 8 14
31.0 2136 0
13.0 16 1
6.0 1761 2
81.0 94 3
10.0 8 4
72.0 8 5
18.0 22957 6
31.0 157 7
22.0 3134 8
81.0 32 9
10.0 1216 10
73.0 713 11
12.0 7330 12
68.0 8 13
21.0 37 14
1.0 8 0
13.0 34 1
39.0 1350 2
9.0 36 3
9.0 26 4
22.0 8 5
55.0 63 6
60.0 3673 7
81.0 763 8
88.0 8 9
1.0 1322 10
19.0 25933 11
35.0 38 12
42.0 14 13
19.0 8 14
22.0 71 0
20.0 38 1
10.0 1768 2
2.0 1221 3
18.0 2892 4
7.0 30 5
8.0 8 6
15.0 18 7
2.0 116 8
9.0 256 9
7.0 68 10
8.0 2819 11
103.0 34 12
34.0 2144 13
6.0 8 14
12.0 178 0
91.0 3298 1
60.0 65 2
14.0 8 3
20.0 5422 4
3.0 8 5
10.0 1158 6
16.0 151 7
12.0 3745 8
66.0 8 9
124.0 987 10
8.0 8860 11
2.0 5746 12
40.0 3761 13
2.0 1488 14
40.0 24 0
11.0 26 1
29.0 38 2
12.0 6614 3
1.0 40 4
11.0 724 5
13.0 2302 6
18.0 62 7
28.0 3335 8
22.0 12 9
38.0 72 10
24.0 67 11
30.0 793 12
18.0 57 13
29.0 8 14
50.0 1836 0
11.0 6416 1
0.0 8 2
36.0 44 3
25.0 186 4
119.0 1389 5
20.0 869 6
1.0 117 7
96.0 26752 8
12.0 3172 9
14.0 58 10
6.0 8 11
6.0 8 12
34.0 47 13
4.0 6755 14
2.0 1763 0
7.0 49 1
11.0 8 2
12.0 997 3
7.0 61 4
17.0 8993 5
26.0 2048 6
24.0 29 7
13.0 8652 8
45.0 8 9
35.0 1921 10
5.0 8889 11
2.0 855 12
2.0 8 13
30.0 1021 14
23.0 2702 0
64.0 55 1
41.0 292 2
2.0 23 3
2.0 8 4
28.0 1499 5
1.0 8 6
8.0 3755 7
1.0 4854 8
1.0 22 9
8.0 16352 10
51.0 18 11
3.0 51 12
76.0 157 13
20.0 17 14
19.0 30 0
15.0 22813 1
8.0 3031 2
2.0 45 3
21.0 7538 4
56.0 2835 5
29.0 41 6
19.0 1833 7
10.0 2802 8
34.0 16 9
28.0 73 10
33.0 8 11
1.0 24 12
16.0 59 13
40.0 26 14
17.0 41 0
23.0 665 1
78.0 8 2
37.0 1690 3
44.0 66 4
56.0 8 5
27.0 13325 6
6.0 5539 7
4.0 46 8
13.0 23 9
1.0 8 10
35.0 38 11
0.0 7118 12
24.0 272 13
38.0 157 14
44.0 54 0
16.0 68 1
2.0 21 2
34.0 8 3
11.0 9468 4
13.0 67 5
30.0 1375 6
7.0 97 7
34.0 26530 8
30.0 33 9
104.0 6528 10
21.0 8 11
26.0 8 12
52.0 382 13
16.0 21 14
60.0 2281 0
16.0 2531 1
18.0 37 2
20.0 73 3
109.0 3020 4
26.0 23491 5
193.0 15 6
16.0 34 7
7.0 1707 8
9.0 3611 9
85.0 15 10
54.0 18 11
9.0 18 12
0.0 3100 13
4.0 1372 14
15.0 45 0
96.0 2643 1
18.0 5869 2
17.0 40 3
21.0 40 4
22.0 1569 5
0.0 4349 6
1.0 54 7
12.0 262 8
42.0 253 9
30.0 8139 10
5.0 26 11
83.0 8 12
7.0 22906 13
19.0 134 14
44.0 8 0
92.0 39 1
38.0 4225 2
1.0 1392 3
9.0 196 4
22.0 691 5
3.0 44 6
102.0 8 7
30.0 8260 8
0.0 24 9
12.0 377 10
49.0 50 11
121.0 7985 12
4.0 5464 13
57.0 45 14
15.0 368 0
58.0 8 1
4.0 841 2
33.0 37 3
22.0 8 4
6.0 45 5
1.0 12 6
52.0 8 7
127.0 8 8
11.0 48 9
7.0 62 10
76.0 8 11
13.0 66 12
58.0 601 13
38.0 833 14
21.0 53 0
8.0 23 1
1.0 21 2
1.0 31 3
8.0 309 4
27.0 36 5
8.0 20 6
7.0 8 7
1.0 1367 8
29.0 4443 9
39.0 8 10
4.0 571 11
26.0 2622 12
2.0 501 13
28.0 9 14
33.0 34 0
6.0 36 1
1.0 62 2
36.0 133 3
59.0 62 4
10.0 1056 5
50.0 50 6
24.0 8 7
18.0 67 8
8.0 92 9
9.0 25 10
32.0 556 11
17.0 8417 12
12.0 767 13
7.0 8 14
21.0 50 0
19.0 1586 1
15.0 15 2
6.0 62 3
15.0 62 4
17.0 8 5
17.0 1597 6
47.0 11 7
4.0 8 8
37.0 3147 9
64.0 24 10
38.0 42 11
1.0 8 12
1.0 24 13
26.0 8 14
30.0 10 0
9.0 11 1
53.0 5807 2
6.0 1053 3
49.0 13 4
87.0 25 5
101.0 4243 6
36.0 28 7
41.0 8 8
5.0 63 9
6.0 152 10
13.0 64 11
40.0 1470 12
15.0 7089 13
24.0 1440 14
5.0 63 0
16.0 54 1
16.0 31 2
34.0 1591 3
23.0 53 4
9.0 17 5
43.0 151 6
60.0 225 7
8.0 42 8
13.0 15 9
16.0 425 10
24.0 1463 11
30.0 1400 12
56.0 94 13
57.0 3903 14
3.0 21 0
12.0 1065 1
5.0 219 2
10.0 267 3
18.0 6204 4
37.0 18 5
4.0 74 6
10.0 8 7
5.0 694 8
31.0 4731 9
2.0 3969 10
3.0 8 11
77.0 28 12
2.0 32 13
10.0 675 14
35.0 1208 0
22.0 1117 1
13.0 3712 2
30.0 187 3
31.0 253 4
20.0 32 5
69.0 174 6
32.0 61 7
4.0 139 8
5.0 8 9
110.0 44 10
10.0 3964 11
23.0 33 12
8.0 24 13
60.0 3774 14
82.0 56 0
80.0 20 1
1.0 318 2
59.0 272 3
4.0 18445 4
10.0 1346 5
40.0 1439 6
10.0 26 7
47.0 38 8
6.0 21 9
151.0 132 10
36.0 29 11
22.0 31 12
21.0 8 13
63.0 8 14
11.0 27 0
18.0 839 1
6.0 5275 2
9.0 8 3
37.0 18 4
34.0 879 5
8.0 8 6
3.0 4047 7
8.0 37 8
7.0 59 9
6.0 8 10
4.0 73 11
39.0 18 12
13.0 44 13
33.0 27 14
36.0 19 0
13.0 9 1
43.0 6875 2
41.0 8 3
18.0 20 4
31.0 57 5
22.0 163 6
40.0 8 7
29.0 66 8
94.0 9 9
52.0 8 10
19.0 73 11
12.0 993 12
20.0 8 13
10.0 8 14
19.0 452 0
12.0 238 1
17.0 23 2
37.0 306 3
9.0 8 4
28.0 211 5
58.0 8 6
39.0 213 7
6.0 2846 8
39.0 8 9
17.0 26 10
67.0 72 11
58.0 58 12
67.0 107 13
4.0 1654 14
0.0 7165 0
9.0 407 1
25.0 8 2
3.0 278 3
46.0 8 4
40.0 75 5
12.0 51 6
14.0 37 7
4.0 5070 8
16.0 437 9
27.0 27 10
33.0 8 11
8.0 8907 12
2.0 65 13
19.0 309 14
23.0 44 0
29.0 8 1
0.0 19 2
10.0 7758 3
8.0 906 4
60.0 4275 5
43.0 8 6
49.0 2166 7
51.0 32 8
29.0 51 9
128.0 30 10
24.0 8 11
34.0 3097 12
58.0 139 13
1.0 1974 14
15.0 44 0
1.0 52 1
57.0 41 2
31.0 42 3
8.0 1328 4
23.0 33 5
10.0 22 6
57.0 8 7
11.0 142 8
3.0 8 9
17.0 8 10
4.0 65 11
12.0 1558 12
44.0 149 13
27.0 1619 14
1.0 41 0
41.0 1576 1
19.0 177 2
40.0 609 3
21.0 7178 4
51.0 8 5
23.0 642 6
21.0 26 7
21.0 109 8
5.0 22 9
9.0 71 10
11.0 35 11
42.0 1397 12
0.0 12 13
1.0 45 14
47.0 119 0
8.0 8 1
19.0 1636 2
2.0 24 3
2.0 34 4
5.0 1015 5
16.0 6697 6
2.0 8 7
11.0 11 8
11.0 8 9
19.0 1736 10
17.0 11 11
13.0 52 12
8.0 137 13
4.0 109 14
52.0 20 0
56.0 8 1
50.0 132 2
69.0 2571 3
11.0 23 4
19.0 12 5
47.0 943 6
11.0 829 7
22.0 8 8
11.0 43 9
10.0 1825 10
9.0 1227 11
34.0 8 12
10.0 995 13
103.0 44 14
31.0 22 0
15.0 8 1
80.0 54 2
1.0 27 3
51.0 70 4
5.0 60 5
16.0 26 6
47.0 12 7
15.0 1572 8
4.0 25 9
50.0 8 10
55.0 65 11
23.0 60 12
48.0 182 13
64.0 1444 14
20.0 38 0
35.0 43 1
60.0 8 2
44.0 30 3
40.0 914 4
3.0 8 5
19.0 50 6
3.0 849 7
29.0 58 8
31.0 2688 9
46.0 27083 10
41.0 24 11
15.0 34 12
31.0 392 13
29.0 108 14
42.0 17 0
2.0 838 1
18.0 20 2
12.0 18 3
2.0 8846 4
36.0 3003 5
50.0 2439 6
56.0 8 7
13.0 24 8
20.0 1616 9
55.0 48 10
12.0 7302 11
7.0 1512 12
39.0 10 13
56.0 8 14
9.0 31 0
29.0 8 1
5.0 8 2
31.0 8 3
21.0 1435 4
19.0 73 5
43.0 8 6
15.0 8 7
1.0 28 8
24.0 59 9
9.0 143 10
39.0 27 11
2.0 69 12
2.0 137 13
36.0 8 14
34.0 76 0
27.0 12 1
24.0 65 2
24.0 1505 3
22.0 50 4
20.0 62 5
25.0 8 6
9.0 29 7
18.0 26 8
5.0 4046 9
15.0 12 10
19.0 893 11
7.0 21 12
6.0 48 13
18.0 8 14
12.0 8 0
60.0 7850 1
18.0 697 2
12.0 1808 3
6.0 8 4
22.0 8 5
13.0 16 6
10.0 8 7
50.0 32 8
10.0 20 9
5.0 15359 10
35.0 3547 11
51.0 8 12
14.0 67 13
45.0 20 14
31.0 33 0
46.0 24 1
64.0 22 2
97.0 8 3
4.0 6687 4
26.0 8 5
18.0 45 6
53.0 576 7
25.0 65 8
25.0 2927 9
58.0 8 10
46.0 3085 11
10.0 27 12
3.0 23 13
45.0 3401 14
69.0 50 0
33.0 20 1
8.0 4287 2
6.0 2579 3
62.0 38 4
93.0 103 5
4.0 8 6
19.0 8 7
15.0 8 8
24.0 1552 9
38.0 78 10
9.0 5011 11
34.0 69 12
30.0 65 13
36.0 8 14
14.0 19 0
113.0 1175 1
19.0 69 2
28.0 225 3
18.0 69 4
10.0 8 5
0.0 3246 6
0.0 45 7
12.0 71 8
38.0 24 9
81.0 42 10
27.0 25 11
21.0 24 12
11.0 1815 13
21.0 20 14
2.0 8 0
21.0 8 1
34.0 677 2
0.0 1557 3
28.0 5118 4
0.0 1476 5
58.0 69 6
23.0 22213 7
2.0 57 8
35.0 2916 9
12.0 5155 10
8.0 8 11
15.0 6123 12
54.0 534 13
8.0 503 14
162.0 66 0
12.0 30 1
4.0 48 2
30.0 22 3
14.0 25 4
33.0 47 5
2.0 129 6
39.0 60 7
0.0 8 8
5.0 26 9
17.0 34 10
72.0 410 11
17.0 8 12
1.0 28 13
6.0 8 14
2.0 23 0
25.0 984 1
10.0 291 2
33.0 2730 3
28.0 1558 4
25.0 63 5
61.0 8 6
6.0 28 7
25.0 19 8
44.0 14 9
0.0 70 10
47.0 1844 11
50.0 396 12
34.0 74 13
60.0 23 14
27.0 36 0
10.0 8 1
37.0 168 2
5.0 10 3
4.0 25901 4
27.0 38 5
37.0 64 6
50.0 11884 7
33.0 1953 8
9.0 61 9
45.0 236 10
107.0 3542 11
4.0 892 12
4.0 48 13
30.0 45 14
12.0 29 0
29.0 8 1
8.0 8 2
2.0 32 3
99.0 7914 4
15.0 69 5
31.0 8 6
19.0 8 7
13.0 306 8
42.0 71 9
44.0 103 10
25.0 8 11
52.0 35 12
148.0 20227 13
49.0 24 14
19.0 64 0
11.0 141 1
29.0 53 2
49.0 3668 3
25.0 5580 4
12.0 149 5
26.0 181 6
90.0 6287 7
7.0 8 8
10.0 25 9
35.0 2902 10
14.0 8 11
67.0 8 12
21.0 1917 13
57.0 8150 14
17.0 57 0
0.0 3840 1
39.0 311 2
57.0 8018 3
2.0 45 4
32.0 23 5
1.0 125 6
44.0 2008 7
42.0 13 8
2.0 138 9
10.0 71 10
10.0 13 11
0.0 20 12
25.0 945 13
27.0 21 14
9.0 23 0
6.0 65 1
156.0 106 2
9.0 8046 3
119.0 180 4
78.0 147 5
9.0 8 6
7.0 24 7
4.0 34 8
8.0 8 9
6.0 69 10
27.0 22 11
4.0 5501 12
2.0 8 13
16.0 8 14
2.0 780 0
109.0 192 1
76.0 147 2
73.0 8 3
11.0 7347 4
116.0 9 5
77.0 8 6
9.0 167 7
18.0 47 8
24.0 40 9
16.0 8 10
28.0 62 11
22.0 2641 12
22.0 43 13
5.0 522 14
8.0 22 0
35.0 18 1
16.0 21 2
7.0 19 3
29.0 8 4
34.0 55 5
8.0 1042 6
50.0 99 7
13.0 3262 8
19.0 61 9
35.0 1313 10
24.0 25 11
19.0 5109 12
12.0 2015 13
17.0 74 14
13.0 31 0
7.0 19772 1
4.0 5012 2
28.0 50 3
22.0 1290 4
7.0 42 5
4.0 23 6
4.0 22 7
10.0 62 8
84.0 8 9
48.0 25475 10
55.0 620 11
37.0 8 12
43.0 43 13
41.0 19 14
0.0 434 0
9.0 24 1
39.0 1734 2
32.0 334 3
21.0 68 4
56.0 101 5
2.0 46 6
18.0 8 7
16.0 1679 8
10.0 21 9
23.0 12 10
10.0 131 11
41.0 25 12
28.0 1886 13
16.0 2185 14
23.0 16 0
117.0 1033 1
112.0 60 2
16.0 8 3
0.0 27899 4
36.0 1235 5
35.0 69 6
36.0 21 7
16.0 659 8
4.0 127 9
35.0 45 10
4.0 3039 11
5.0 20 12
0.0 43 13
12.0 834 14
35.0 30 0
1.0 5313 1
9.0 280 2
71.0 8 3
65.0 8722 4
10.0 22 5
25.0 62 6
71.0 537 7
44.0 761 8
67.0 58 9
1.0 69 10
4.0 16 11
5.0 8907 12
0.0 3417 13
39.0 8 14
50.0 55 0
9.0 3479 1
4.0 68 2
19.0 8 3
57.0 8 4
24.0 183 5
7.0 771 6
16.0 138 7
20.0 8388 8
14.0 353 9
29.0 17 10
43.0 719 11
29.0 327 12
22.0 30 13
0.0 23 14
14.0 2409 0
16.0 738 1
2.0 113 2
48.0 22 3
7.0 47 4
64.0 784 5
8.0 770 6
3.0 67 7
102.0 50 8
31.0 158 9
17.0 10 10
22.0 905 11
50.0 19 12
58.0 8 13
46.0 20 14
43.0 8 0
7.0 8 1
39.0 50 2
26.0 740 3
22.0 36 4
18.0 8 5
33.0 3534 6
17.0 80 7
110.0 1401 8
17.0 60 9
103.0 55 10
35.0 74 11
24.0 36 12
78.0 55 13
16.0 1752 14
88.0 408 0
13.0 46 1
10.0 99 2
18.0 21 3
27.0 2871 4
113.0 1158 5
5.0 44 6
32.0 7412 7
12.0 8 8
10.0 7528 9
4.0 938 10
20.0 22 11
4.0 8 12
37.0 374 13
16.0 5913 14
71.0 31 0
65.0 61 1
25.0 18 2
11.0 767 3
73.0 746 4
42.0 104 5
55.0 8 6
5.0 7475 7
10.0 1566 8
18.0 8 9
74.0 16 10
34.0 71 11
14.0 941 12
37.0 49 13
21.0 8 14
40.0 408 0
13.0 23841 1
24.0 529 2
77.0 8557 3
4.0 27 4
11.0 27950 5
25.0 8 6
14.0 8 7
12.0 36 8
9.0 5531 9
33.0 34 10
12.0 61 11
23.0 68 12
15.0 6890 13
7.0 686 14
23.0 8 0
5.0 29 1
2.0 25030 2
34.0 52 3
11.0 34 4
15.0 61 5
55.0 502 6
77.0 29 7
24.0 67 8
3.0 20 9
20.0 1593 10
26.0 8 11
0.0 19 12
25.0 8 13
2.0 13 14
6.0 3395 0
15.0 13 1
12.0 4169 2
8.0 18 3
18.0 972 4
0.0 8 5
126.0 164 6
11.0 76 7
6.0 8 8
26.0 26 9
4.0 21 10
78.0 174 11
40.0 3327 12
4.0 1667 13
29.0 8704 14
15.0 635 0
9.0 49 1
4.0 3117 2
24.0 8652 3
41.0 8 4
27.0 9619 5
65.0 1736 6
34.0 16 7
5.0 73 8
12.0 26 9
5.0 28 10
26.0 1121 11
6.0 23591 12
79.0 935 13
14.0 27 14
8.0 4037 0
24.0 8 1
10.0 27 2
111.0 20716 3
4.0 5914 4
4.0 25 5
44.0 18 6
6.0 8 7
40.0 6925 8
4.0 745 9
7.0 40 10
131.0 8 11
34.0 53 12
61.0 15 13
4.0 8 14
1.0 22 0
48.0 152 1
42.0 69 2
40.0 457 3
14.0 17 4
29.0 33 5
34.0 8 6
16.0 8 7
3.0 49 8
19.0 25 9
1.0 822 10
8.0 2556 11
35.0 56 12
20.0 3343 13
23.0 5157 14
3.0 8 0
5.0 8 1
13.0 8 2
11.0 24731 3
52.0 137 4
34.0 8916 5
2.0 2160 6
0.0 10 7
81.0 8 8
14.0 67 9
14.0 52 10
22.0 19 11
123.0 64 12
20.0 73 13
49.0 315 14
3.0 20 0
20.0 38 1
26.0 1282 2
9.0 2255 3
2.0 26 4
80.0 819 5
67.0 1130 6
18.0 1821 7
2.0 15 8
12.0 11 9
4.0 646 10
41.0 8 11
9.0 28 12
77.0 5404 13
11.0 8 14
26.0 6386 0
5.0 1621 1
29.0 1729 2
17.0 22 3
52.0 435 4
26.0 62 5
58.0 23 6
15.0 40 7
41.0 48 8
65.0 3330 9
58.0 1080 10
13.0 23 11
23.0 9374 12
42.0 3350 13
6.0 32 14
1.0 8 0
42.0 8 1
16.0 8 2
2.0 52 3
83.0 38 4
34.0 3304 5
42.0 45 6
6.0 10 7
8.0 56 8
9.0 48 9
9.0 3290 10
10.0 25 11
65.0 13690 12
35.0 8249 13
18.0 8 14
3.0 24 0
1.0 68 1
5.0 7404 2
3.0 48 3
38.0 15189 4
6.0 133 5
2.0 39 6
17.0 541 7
29.0 167 8
40.0 8501 9
5.0 139 10
31.0 949 11
7.0 58 12
63.0 782 13
13.0 67 14
7.0 8 0
13.0 1757 1
2.0 70 2
82.0 8 3
9.0 25 4
59.0 26 5
71.0 63 6
54.0 8 7
8.0 43 8
36.0 76 9
19.0 12 10
13.0 4114 11
8.0 3910 12
4.0 49 13
1.0 8 14
47.0 221 0
44.0 3183 1
7.0 72 2
22.0 841 3
10.0 26 4
23.0 39 5
9.0 480 6
56.0 38 7
51.0 344 8
33.0 1500 9
74.0 24 10
5.0 18 11
28.0 326 12
9.0 8284 13
0.0 1207 14
30.0 37 0
6.0 3285 1
8.0 1134 2
16.0 7809 3
8.0 50 4
37.0 2288 5
51.0 4118 6
4.0 8 7
23.0 8629 8
5.0 206 9
67.0 26 10
72.0 75 11
116.0 2423 12
25.0 58 13
23.0 15 14
11.0 10 0
2.0 3055 1
48.0 859 2
14.0 26 3
1.0 48 4
4.0 27270 5
65.0 374 6
36.0 25 7
1.0 95 8
4.0 55 9
46.0 1242 10
75.0 40 11
38.0 454 12
5.0 8 13
27.0 26 14
38.0 6702 0
61.0 1430 1
14.0 486 2
22.0 40 3
41.0 27 4
62.0 1191 5
9.0 4027 6
17.0 8 7
25.0 5998 8
9.0 66 9
3.0 685 10
32.0 53 11
21.0 4123 12
59.0 42 13
49.0 1598 14
24.0 219 0
4.0 52 1
9.0 8634 2
71.0 2527 3
8.0 95 4
29.0 1533 5
3.0 44 6
39.0 374 7
7.0 1524 8
9.0 57 9
2.0 8 10
13.0 266 11
75.0 8 12
22.0 290 13
4.0 26603 14
23.0 8 0
116.0 5694 1
2.0 70 2
4.0 1078 3
75.0 99 4
19.0 4292 5
8.0 39 6
8.0 54 7
63.0 1217 8
30.0 117 9
32.0 40 10
44.0 54 11
4.0 1582 12
15.0 43 13
37.0 645 14
21.0 8 0
3.0 13 1
4.0 8 2
94.0 134 3
28.0 8953 4
4.0 25424 5
12.0 8 6
4.0 37 7
55.0 47 8
10.0 4632 9
29.0 596 10
22.0 24 11
7.0 3473 12
20.0 52 13
56.0 1282 14
40.0 17 0
18.0 14 1
101.0 1007 2
7.0 84 3
12.0 582 4
1.0 8 5
10.0 8 6
11.0 2873 7
66.0 625 8
34.0 49 9
2.0 684 10
31.0 1001 11
30.0 185 12
1.0 8 13
2.0 19 14
14.0 694 0
35.0 15 1
35.0 4412 2
76.0 2696 3
109.0 90 4
19.0 8 5
20.0 687 6
16.0 1622 7
37.0 38 8
46.0 7031 9
6.0 16 10
31.0 8 11
6.0 19 12
53.0 72 13
1.0 15560 14
39.0 34 0
23.0 3549 1
3.0 198 2
1.0 2727 3
13.0 18 4
31.0 1886 5
31.0 6880 6
55.0 6122 7
96.0 8 8
7.0 1992 9
31.0 50 10
50.0 1449 11
20.0 3939 12
11.0 8 13
3.0 47 14
13.0 34 0
31.0 70 1
6.0 41 2
42.0 6437 3
3.0 54 4
105.0 8 5
1.0 31 6
29.0 8 7
31.0 60 8
4.0 4450 9
3.0 327 10
53.0 331 11
17.0 1853 12
9.0 8 13
2.0 8942 14
53.0 8 0
6.0 1873 1
2.0 8 2
45.0 42 3
25.0 8 4
70.0 25 5
8.0 6507 6
3.0 368 7
19.0 1567 8
9.0 8 9
5.0 65 10
20.0 178 11
13.0 75 12
38.0 155 13
5.0 25 14
9.0 2568 0
6.0 42 1
10.0 38 2
53.0 8702 3
10.0 850 4
63.0 66 5
48.0 38 6
7.0 612 7
8.0 26 8
19.0 8 9
92.0 2856 10
13.0 179 11
14.0 58 12
92.0 43 13
34.0 8 14
5.0 73 0
6.0 24 1
63.0 26 2
36.0 60 3
10.0 558 4
7.0 8 5
17.0 9268 6
29.0 1293 7
22.0 3899 8
31.0 1170 9
81.0 148 10
8.0 28 11
21.0 1915 12
37.0 4278 13
38.0 2963 14
0.0 1882 0
3.0 842 1
3.0 413 2
44.0 26 3
104.0 146 4
15.0 22 5
21.0 25197 6
17.0 1175 7
7.0 167 8
15.0 1744 9
8.0 39 10
1.0 8 11
11.0 8 12
20.0 166 13
37.0 21 14
34.0 1362 0
2.0 1569 1
32.0 8 2
16.0 1402 3
10.0 222 4
8.0 75 5
7.0 8 6
4.0 27149 7
27.0 11767 8
44.0 110 9
46.0 33 10
32.0 133 11
11.0 8 12
12.0 8 13
34.0 32 14
4.0 167 0
10.0 547 1
25.0 71 2
91.0 450 3
2.0 8 4
38.0 18 5
23.0 8 6
8.0 1229 7
24.0 143 8
83.0 51 9
5.0 5878 10
11.0 157 11
85.0 1105 12
63.0 8 13
29.0 4065 14
8.0 11944 0
19.0 25866 1
1.0 93 2
29.0 11 3
16.0 381 4
58.0 54 5
48.0 866 6
45.0 631 7
59.0 60 8
2.0 76 9
11.0 26148 10
25.0 67 11
44.0 8 12
35.0 8 13
12.0 7221 14
18.0 40 0
7.0 8 1
5.0 8 2
7.0 17 3
83.0 20 4
9.0 7943 5
9.0 69 6
21.0 67 7
15.0 1827 8
12.0 1602 9
69.0 8 10
29.0 8519 11
1.0 767 12
0.0 3088 13
18.0 870 14
14.0 62 0
23.0 74 1
16.0 11 2
1.0 8 3
2.0 8 4
1.0 7728 5
51.0 16632 6
40.0 45 7
64.0 935 8
95.0 8 9
25.0 2412 10
69.0 1275 11
2.0 156 12
13.0 25061 13
0.0 82 14
3.0 29 0
2.0 36 1
2.0 6971 2
21.0 27 3
8.0 16 4
6.0 20 5
4.0 5059 6
3.0 4989 7
15.0 8 8
15.0 44 9
7.0 73 10
11.0 1588 11
17.0 8 12
18.0 4638 13
16.0 2597 14
33.0 127 0
8.0 823 1
1.0 195 2
43.0 19 3
0.0 2010 4
36.0 34 5
1.0 2660 6
3.0 179 7
5.0 2851 8
29.0 42 9
34.0 8 10
3.0 67 11
4.0 76 12
2.0 814 13
6.0 4575 14
9.0 23 0
13.0 2077 1
26.0 8 2
30.0 57 3
20.0 9685 4
4.0 341 5
7.0 8 6
7.0 1004 7
64.0 784 8
16.0 68 9
40.0 17887 10
12.0 24 11
35.0 180 12
1.0 1272 13
21.0 130 14
8.0 940 0
7.0 18 1
51.0 20981 2
27.0 15643 3
36.0 116 4
41.0 234 5
12.0 14 6
19.0 42 7
13.0 8 8
14.0 4482 9
19.0 7716 10
17.0 11 11
48.0 8 12
58.0 8 13
56.0 37 14
57.0 1022 0
3.0 8 1
27.0 40 2
9.0 227 3
20.0 69 4
12.0 8 5
15.0 21 6
1.0 1266 7
0.0 3203 8
15.0 22 9
7.0 9193 10
12.0 4108 11
3.0 8 12
9.0 13886 13
18.0 1137 14
61.0 25 0
59.0 786 1
14.0 85 2
20.0 751 3
8.0 26 4
1.0 2069 5
1.0 9 6
76.0 89 7
10.0 4970 8
7.0 47 9
34.0 4798 10
10.0 19 11
61.0 5771 12
7.0 124 13
49.0 72 14
31.0 465 0
21.0 72 1
17.0 3641 2
41.0 4043 3
42.0 8 4
32.0 6572 5
18.0 21 6
8.0 63 7
14.0 50 8
17.0 8 9
9.0 8 10
68.0 33 11
84.0 92 12
3.0 20 13
112.0 48 14
4.0 9118 0
74.0 508 1
7.0 10948 2
39.0 22 3
58.0 8 4
21.0 68 5
45.0 8 6
6.0 19 7
28.0 1926 8
39.0 35 9
12.0 39 10
2.0 92 11
11.0 41 12
12.0 150 13
32.0 12800 14
7.0 168 0
51.0 8 1
37.0 1622 2
52.0 74 3
14.0 5863 4
21.0 8 5
8.0 1066 6
18.0 51 7
21.0 4376 8
6.0 1392 9
10.0 51 10
27.0 17 11
5.0 14 12
9.0 1049 13
28.0 69 14
41.0 20 0
12.0 1086 1
3.0 2489 2
4.0 8 3
9.0 8 4
72.0 8 5
6.0 8 6
11.0 41 7
10.0 1446 8
9.0 110 9
48.0 1637 10
9.0 27 11
29.0 1349 12
49.0 1767 13
0.0 8793 14
17.0 28 0
26.0 8 1
82.0 184 2
21.0 22 3
14.0 61 4
5.0 16 5
1.0 42 6
14.0 192 7
13.0 66 8
15.0 4859 9
8.0 22 10
2.0 1961 11
22.0 46 12
25.0 4176 13
33.0 8 14
8.0 1141 0
7.0 44 1
11.0 8 2
1.0 1205 3
37.0 57 4
9.0 567 5
3.0 37 6
0.0 31 7
20.0 24 8
44.0 72 9
91.0 4562 10
1.0 67 11
37.0 50 12
4.0 8 13
0.0 26 14
22.0 8 0
2.0 120 1
30.0 1663 2
19.0 1506 3
55.0 8 4
109.0 8 5
17.0 44 6
13.0 1407 7
15.0 6767 8
44.0 8 9
22.0 30 10
96.0 711 11
26.0 8 12
10.0 25968 13
14.0 8 14
39.0 50 0
4.0 22 1
40.0 54 2
13.0 8 3
11.0 14 4
57.0 1622 5
16.0 32 6
13.0 8 7
4.0 20 8
10.0 20 9
41.0 886 10
15.0 29 11
106.0 26 12
36.0 151 13
20.0 35 14
52.0 8191 0
2.0 31 1
84.0 67 2
19.0 21 3
122.0 71 4
14.0 21 5
18.0 57 6
20.0 596 7
19.0 6955 8
60.0 356 9
11.0 22 10
42.0 1004 11
24.0 8 12
65.0 8 13
13.0 8 14
7.0 33 0
33.0 17 1
19.0 41 2
7.0 22 3
45.0 946 4
77.0 1806 5
3.0 72 6
12.0 7572 7
37.0 24364 8
23.0 29 9
36.0 75 10
6.0 8 11
11.0 47 12
50.0 22 13
7.0 8 14
63.0 24 0
192.0 6421 1
2.0 65 2
74.0 3436 3
5.0 365 4
7.0 8284 5
0.0 59 6
105.0 8 7
10.0 24 8
8.0 2938 9
57.0 8 10
10.0 24 11
54.0 26 12
5.0 75 13
24.0 4914 14
41.0 466 0
27.0 56 1
18.0 8 2
18.0 8 3
6.0 37 4
6.0 3506 5
41.0 23 6
10.0 31 7
1.0 1187 8
13.0 33 9
21.0 71 10
30.0 70 11
12.0 18 12
2.0 8 13
29.0 2396 14
37.0 65 0
4.0 27 1
15.0 4070 2
148.0 617 3
7.0 85 4
29.0 39 5
56.0 8 6
30.0 22 7
4.0 19752 8
3.0 323 9
5.0 54 10
23.0 28 11
48.0 374 12
4.0 6607 13
0.0 56 14
17.0 2246 0
203.0 6809 1
19.0 184 2
3.0 30 3
25.0 1162 4
31.0 1147 5
56.0 8 6
15.0 59 7
35.0 139 8
8.0 8 9
14.0 55 10
23.0 14 11
13.0 1303 12
30.0 418 13
63.0 22 14
30.0 8 0
18.0 2433 1
75.0 62 2
75.0 60 3
48.0 63 4
17.0 1027 5
5.0 19 6
104.0 8 7
26.0 12113 8
39.0 8 9
54.0 38 10
20.0 22 11
34.0 1007 12
81.0 14 13
6.0 8 14
8.0 74 0
21.0 11914 1
37.0 8 2
1.0 1467 3
36.0 25 4
35.0 8 5
15.0 8 6
31.0 87 7
117.0 2539 8
6.0 7673 9
4.0 69 10
3.0 48 11
29.0 107 12
77.0 124 13
1.0 22 14
7.0 1462 0
7.0 7293 1
4.0 8 2
12.0 8 3
16.0 1632 4
70.0 1525 5
10.0 917 6
1.0 8 7
8.0 8 8
18.0 135 9
12.0 8729 10
14.0 390 11
4.0 71 12
52.0 8 13
2.0 8 14
24.0 73 0
54.0 445 1
13.0 2083 2
7.0 55 3
42.0 1371 4
61.0 12236 5
11.0 12 6
54.0 84 7
9.0 72 8
6.0 5102 9
28.0 1863 10
69.0 54 11
13.0 19 12
31.0 51 13
21.0 24438 14
2.0 8736 0
37.0 160 1
15.0 9204 2
15.0 8 3
111.0 107 4
59.0 18787 5
21.0 46 6
16.0 2303 7
1.0 8520 8
13.0 174 9
4.0 3515 10
1.0 55 11
0.0 348 12
18.0 9212 13
16.0 98 14
32.0 52 0
16.0 1241 1
8.0 350 2
26.0 98 3
25.0 15383 4
32.0 8 5
79.0 6411 6
128.0 6785 7
22.0 308 8
13.0 51 9
12.0 52 10
21.0 541 11
49.0 5587 12
19.0 56 13
46.0 1387 14
87.0 124 0
1.0 54 1
3.0 3305 2
42.0 34 3
34.0 1113 4
2.0 755 5
63.0 8 6
8.0 3410 7
31.0 723 8
26.0 1645 9
4.0 25 10
13.0 1701 11
25.0 22 12
9.0 450 13
77.0 32 14
8.0 2772 0
1.0 30 1
13.0 255 2
8.0 57 3
6.0 8 4
7.0 7641 5
14.0 8 6
47.0 8810 7
0.0 1289 8
48.0 31 9
86.0 200 10
18.0 30 11
17.0 103 12
23.0 115 13
2.0 20 14
5.0 2856 0
63.0 878 1
93.0 443 2
37.0 9 3
13.0 9 4
39.0 62 5
8.0 424 6
16.0 23 7
254.0 15 8
40.0 709 9
50.0 3476 10
10.0 8 11
4.0 83 12
47.0 66 13
8.0 2850 14
1.0 802 0
15.0 25 1
6.0 1234 2
7.0 4335 3
4.0 8 4
25.0 71 5
57.0 668 6
17.0 114 7
45.0 28 8
13.0 385 9
1.0 8 10
11.0 164 11
3.0 8767 12
48.0 21501 13
2.0 601 14
6.0 7633 0
54.0 8 1
63.0 66 2
58.0 1306 3
54.0 783 4
2.0 2206 5
36.0 1502 6
23.0 26 7
70.0 3897 8
82.0 4219 9
57.0 2497 10
10.0 1583 11
17.0 4205 12
69.0 8 13
20.0 98 14
9.0 881 0
14.0 206 1
19.0 55 2
4.0 74 3
0.0 35 4
7.0 28 5
23.0 3686 6
7.0 66 7
19.0 690 8
30.0 74 9
25.0 37 10
18.0 1137 11
17.0 21 12
0.0 8 13
9.0 8716 14
8.0 931 0
25.0 21677 1
84.0 156 2
6.0 8604 3
14.0 1599 4
53.0 1901 5
8.0 8 6
7.0 74 7
16.0 48 8
23.0 20613 9
11.0 18 10
14.0 400 11
43.0 31 12
4.0 1592 13
8.0 97 14
12.0 49 0
0.0 2237 1
2.0 129 2
38.0 23 3
60.0 122 4
9.0 52 5
2.0 39 6
2.0 37 7
6.0 8 8
11.0 8 9
9.0 1522 10
13.0 8 11
17.0 18 12
14.0 3581 13
30.0 54 14
16.0 28 0
111.0 19 1
12.0 90 2
24.0 8 3
9.0 715 4
70.0 8 5
84.0 466 6
7.0 932 7
9.0 183 8
3.0 22 9
14.0 1689 10
63.0 26 11
21.0 39 12
3.0 65 13
9.0 1289 14
5.0 23 0
1.0 2762 1
90.0 8 2
1.0 8 3
66.0 17191 4
105.0 7322 5
1.0 2906 6
109.0 95 7
33.0 67 8
28.0 8 9
4.0 7470 10
21.0 30 11
10.0 153 12
39.0 51 13
46.0 199 14
12.0 217 0
33.0 13 1
53.0 55 2
17.0 913 3
9.0 8993 4
16.0 30 5
21.0 54 6
81.0 320 7
0.0 22701 8
59.0 13828 9
31.0 8 10
16.0 6252 11
13.0 101 12
8.0 71 13
25.0 1559 14
56.0 5341 0
10.0 8 1
14.0 1226 2
7.0 8 3
11.0 46 4
9.0 8 5
79.0 169 6
9.0 28 7
2.0 54 8
89.0 563 9
3.0 157 10
22.0 65 11
28.0 429 12
18.0 180 13
54.0 8 14
57.0 50 0
10.0 13 1
17.0 424 2
9.0 8 3
6.0 1585 4
4.0 1848 5
1.0 60 6
70.0 2633 7
30.0 53 8
63.0 219 9
12.0 58 10
5.0 8 11
26.0 19 12
32.0 148 13
42.0 4117 14
54.0 2424 0
6.0 462 1
35.0 25 2
91.0 28 3
4.0 81 4
4.0 5416 5
25.0 2947 6
60.0 1604 7
9.0 7431 8
11.0 35 9
14.0 76 10
4.0 1131 11
6.0 8834 12
56.0 1513 13
3.0 36 14
11.0 1756 0
4.0 51 1
11.0 47 2
75.0 481 3
62.0 31 4
14.0 3758 5
35.0 24 6
18.0 64 7
4.0 8 8
9.0 611 9
13.0 1818 10
23.0 27209 11
21.0 31 12
3.0 377 13
49.0 63 14
6.0 13 0
23.0 180 1
31.0 47 2
6.0 990 3
61.0 6965 4
30.0 26 5
53.0 8 6
34.0 56 7
80.0 8 8
15.0 912 9
8.0 6413 10
88.0 187 11
152.0 20 12
35.0 2303 13
16.0 123 14
36.0 8 0
22.0 36 1
29.0 116 2
10.0 1822 3
88.0 8 4
28.0 8 5
18.0 25 6
39.0 1730 7
0.0 21 8
81.0 8 9
5.0 4340 10
25.0 104 11
23.0 25 12
16.0 2299 13
11.0 18 14
47.0 1596 0
60.0 938 1
18.0 8 2
67.0 8 3
40.0 991 4
26.0 919 5
17.0 19 6
87.0 1758 7
4.0 21 8
6.0 57 9
1.0 4113 10
0.0 145 11
172.0 25 12
4.0 45 13
47.0 27 14
0.0 1563 0
17.0 1044 1
6.0 7422 2
63.0 1419 3
1.0 1721 4
38.0 8 5
37.0 24 6
36.0 1031 7
33.0 33 8
7.0 55 9
87.0 4076 10
29.0 3456 11
39.0 33 12
37.0 8 13
12.0 31 14
55.0 3965 0
75.0 72 1
9.0 19 2
23.0 522 3
14.0 126 4
124.0 2052 5
18.0 172 6
11.0 8 7
76.0 4253 8
6.0 3627 9
72.0 5637 10
27.0 726 11
32.0 102 12
58.0 166 13
3.0 183 14
138.0 2354 0
28.0 957 1
24.0 8 2
8.0 8 3
49.0 64 4
12.0 22 5
26.0 22410 6
21.0 1445 7
3.0 69 8
1.0 12 9
21.0 34 10
17.0 35 11
97.0 8 12
14.0 5265 13
3.0 1527 14
34.0 34 0
18.0 21 1
8.0 3696 2
11.0 8 3
79.0 49 4
25.0 301 5
15.0 2834 6
4.0 8 7
16.0 734 8
137.0 18 9
7.0 8 10
28.0 24 11
1.0 60 12
46.0 29 13
23.0 26 14
8.0 6137 0
4.0 1585 1
30.0 73 2
3.0 152 3
113.0 8 4
3.0 45 5
62.0 2418 6
17.0 8 7
9.0 37 8
15.0 799 9
46.0 4430 10
13.0 8 11
17.0 1884 12
9.0 2089 13
115.0 7406 14
16.0 4440 0
36.0 896 1
11.0 4142 2
51.0 74 3
31.0 63 4
28.0 8 5
48.0 73 6
8.0 1503 7
34.0 8 8
94.0 2509 9
19.0 8 10
31.0 65 11
7.0 941 12
7.0 1018 13
16.0 749 14
79.0 3978 0
17.0 6123 1
52.0 1215 2
3.0 8 3
28.0 8 4
35.0 143 5
26.0 11 6
83.0 5703 7
17.0 8 8
33.0 73 9
12.0 53 10
4.0 13 11
2.0 54 12
14.0 8 13
12.0 2946 14
59.0 6666 0
77.0 5454 1
110.0 66 2
1.0 2905 3
3.0 30 4
40.0 1291 5
4.0 4684 6
11.0 7479 7
29.0 153 8
5.0 53 9
0.0 1730 10
1.0 653 11
21.0 154 12
4.0 2084 13
58.0 64 14
6.0 48 0
13.0 31 1
1.0 74 2
1.0 182 3
5.0 387 4
43.0 8 5
11.0 15783 6
21.0 73 7
0.0 13 8
10.0 61 9
12.0 37 10
5.0 19949 11
62.0 736 12
46.0 24 13
28.0 12 14
8.0 68 0
112.0 1249 1
46.0 71 2
0.0 1532 3
31.0 2474 4
11.0 6167 5
41.0 8 6
45.0 4372 7
0.0 1460 8
3.0 7851 9
24.0 1457 10
12.0 4831 11
49.0 2701 12
66.0 51 13
18.0 8 14
20.0 8 0
30.0 139 1
6.0 39 2
9.0 8 3
11.0 425 4
33.0 24 5
11.0 64 6
17.0 46 7
16.0 8 8
12.0 26 9
31.0 37 10
119.0 8 11
19.0 11 12
9.0 8 13
1.0 6713 14
37.0 1396 0
60.0 8 1
3.0 6736 2
9.0 25 3
11.0 31 4
18.0 30 5
11.0 51 6
18.0 47 7
18.0 25 8
6.0 812 9
5.0 7737 10
9.0 8 11
66.0 1049 12
9.0 891 13
1.0 21 14
0.0 23 0
106.0 38 1
16.0 275 2
10.0 9084 3
76.0 33 4
32.0 109 5
57.0 23 6
139.0 615 7
31.0 31 8
20.0 15 9
46.0 29 10
25.0 141 11
2.0 5314 12
28.0 781 13
77.0 54 14
31.0 26 0
22.0 120 1
38.0 8 2
34.0 1259 3
27.0 43 4
11.0 16 5
23.0 27468 6
9.0 67 7
74.0 27 8
5.0 24 9
13.0 8 10
10.0 8 11
19.0 4381 12
59.0 8 13
28.0 8 14
90.0 18425 0
28.0 26 1
0.0 54 2
9.0 25 3
23.0 8 4
4.0 8 5
14.0 3408 6
13.0 23 7
4.0 72 8
0.0 205 9
5.0 36 10
36.0 3798 11
18.0 17 12
32.0 956 13
15.0 8 14
9.0 23919 0
9.0 32 1
52.0 2754 2
8.0 134 3
51.0 6852 4
3.0 1040 5
32.0 1211 6
22.0 211 7
64.0 1436 8
21.0 3126 9
68.0 8 10
0.0 4248 11
21.0 74 12
9.0 1866 13
27.0 7973 14
31.0 3722 0
31.0 1206 1
40.0 64 2
7.0 11 3
9.0 48 4
15.0 463 5
7.0 5990 6
12.0 4112 7
53.0 12 8
12.0 25 9
5.0 34 10
5.0 18 11
38.0 3044 12
0.0 31 13
2.0 22 14
50.0 9155 0
76.0 834 1
74.0 213 2
14.0 8 3
61.0 8 4
30.0 19 5
2.0 1407 6
9.0 8 7
13.0 18 8
6.0 4473 9
14.0 1444 10
24.0 3811 11
32.0 10095 12
18.0 1525 13
9.0 815 14
6.0 1574 0
9.0 71 1
4.0 8 2
24.0 1028 3
4.0 21 4
50.0 54 5
1.0 69 6
40.0 7868 7
17.0 1575 8
3.0 1568 9
10.0 39 10
23.0 18 11
24.0 142 12
33.0 111 13
79.0 583 14
102.0 19 0
70.0 22 1
2.0 7330 2
77.0 688 3
42.0 20 4
13.0 63 5
8.0 1314 6
75.0 17 7
14.0 818 8
17.0 26 9
26.0 3822 10
88.0 16879 11
27.0 8 12
5.0 304 13
10.0 8 14
77.0 2370 0
24.0 67 1
45.0 2918 2
47.0 1673 3
0.0 170 4
36.0 1590 5
7.0 3929 6
8.0 16 7
92.0 8 8
13.0 6251 9
45.0 528 10
1.0 1632 11
47.0 2756 12
13.0 18 13
3.0 40 14
16.0 8 0
1.0 45 1
30.0 1507 2
40.0 820 3
11.0 406 4
2.0 66 5
26.0 6493 6
33.0 19 7
5.0 23 8
4.0 48 9
19.0 36 10
20.0 21 11
15.0 70 12
7.0 1032 13
60.0 67 14
41.0 22 0
7.0 2172 1
22.0 39 2
57.0 350 3
12.0 5133 4
26.0 57 5
3.0 1159 6
7.0 69 7
18.0 168 8
7.0 59 9
9.0 8 10
34.0 7172 11
54.0 278 12
3.0 53 13
53.0 8 14
49.0 23 0
20.0 19 1
93.0 33 2
27.0 54 3
11.0 330 4
12.0 17283 5
23.0 1483 6
9.0 186 7
3.0 73 8
12.0 3526 9
8.0 2153 10
51.0 96 11
17.0 6115 12
89.0 7624 13
43.0 2069 14
19.0 855 0
43.0 150 1
20.0 8 2
31.0 4199 3
59.0 8 4
56.0 11 5
66.0 1782 6
7.0 20 7
43.0 8 8
9.0 598 9
6.0 5155 10
1.0 41 11
38.0 50 12
14.0 32 13
13.0 5468 14
1.0 4411 0
22.0 8 1
81.0 1537 2
8.0 589 3
28.0 132 4
1.0 7413 5
3.0 59 6
18.0 18 7
15.0 19 8
1.0 166 9
2.0 8 10
12.0 18604 11
1.0 1190 12
114.0 8 13
4.0 362 14
3.0 4348 0
1.0 327 1
27.0 8 2
78.0 3268 3
16.0 3405 4
96.0 23629 5
21.0 1628 6
14.0 940 7
29.0 1772 8
18.0 8 9
163.0 49 10
1.0 19 11
3.0 22 12
10.0 8 13
111.0 69 14
6.0 30 0
7.0 1435 1
20.0 3393 2
57.0 139 3
59.0 858 4
13.0 60 5
7.0 8 6
13.0 4688 7
49.0 7942 8
13.0 24 9
5.0 611 10
18.0 1831 11
28.0 711 12
1.0 62 13
1.0 36 14
38.0 14 0
28.0 65 1
10.0 1035 2
19.0 38 3
23.0 25 4
25.0 67 5
49.0 8 6
4.0 36 7
2.0 1745 8
35.0 53 9
19.0 22 10
2.0 71 11
1.0 1715 12
143.0 18 13
1.0 13 14
5.0 703 0
12.0 1162 1
54.0 4495 2
36.0 6827 3
51.0 615 4
7.0 64 5
6.0 37 6
14.0 4277 7
4.0 308 8
2.0 41 9
30.0 61 10
117.0 71 11
4.0 54 12
61.0 8 13
2.0 20 14
11.0 63 0
59.0 8 1
21.0 1044 2
12.0 1064 3
2.0 111 4
2.0 50 5
102.0 6596 6
23.0 666 7
48.0 149 8
1.0 8 9
4.0 13 10
18.0 165 11
56.0 39 12
18.0 18 13
2.0 8405 14
78.0 72 0
41.0 8428 1
13.0 130 2
30.0 2176 3
1.0 1078 4
13.0 7880 5
37.0 24 6
8.0 4618 7
9.0 123 8
41.0 60 9
36.0 8 10
11.0 57 11
32.0 406 12
58.0 2206 13
49.0 3235 14
40.0 1197 0
13.0 19 1
39.0 4992 2
4.0 666 3
42.0 42 4
40.0 8 5
10.0 1734 6
12.0 8 7
146.0 12586 8
4.0 8 9
29.0 1613 10
19.0 20141 11
13.0 8 12
7.0 1304 13
13.0 111 14
42.0 14 0
0.0 8 1
124.0 57 2
11.0 14 3
16.0 1194 4
2.0 23 5
46.0 141 6
20.0 66 7
3.0 8 8
27.0 255 9
11.0 13 10
25.0 42 11
