5.0 38 4
12.0 8 5
10.0 1262 6
33.0 9041 7
1.0 5494 8
3.0 6230 9
1.0 1025 10
39.0 28 11
13.0 52 12
2.0 15 13
117.0 39 14
1.0 7319 0
37.0 23 1
24.0 3004 2
9.0 1322 3
18.0 5456 4
36.0 24668 5
15.0 152 6
13.0 2556 7
18.0 173 8
7.0 14622 9
15.0 689 10
9.0 8 11
16.0 157 12
12.0 107 13
11.0 92 14
11.0 143 0
4.0 1085 1
38.0 1662 2
20.0 8 3
111.0 912 4
12.0 15622 5
21.0 8 6
66.0 2208 7
29.0 2005 8
14.0 20 9
18.0 59 10
20.0 135 11
11.0 34 12
14.0 28 13
6.0 12 14
12.0 3130 0
2.0 4357 1
58.0 8 2
69.0 3491 3
2.0 834 4
16.0 50 5
26.0 191 6
37.0 580 7
16.0 815 8
1.0 2514 9
15.0 1234 10
17.0 8 11
12.0 56 12
23.0 64 13
1.0 23 14
0.0 854 0
48.0 248 1
9.0 146 2
4.0 438 3
4.0 8 4
30.0 207 5
20.0 69 6
11.0 53 7
1.0 24 8
35.0 562 9
19.0 31 10
22.0 42 11
1.0 17 12
14.0 2264 13
12.0 8 14
1.0 4448 0
2.0 8 1
41.0 8 2
17.0 187 3
61.0 979 4
40.0 22 5
5.0 1278 6
3.0 1506 7
7.0 8 8
37.0 9406 9
28.0 14 10
2.0 1690 11
50.0 1185 12
11.0 42 13
6.0 393 14
22.0 8 0
24.0 6641 1
22.0 8 2
40.0 4410 3
5.0 9 4
24.0 58 5
12.0 1299 6
13.0 8 7
23.0 19 8
3.0 1856 9
6.0 769 10
52.0 5415 11
11.0 8 12
34.0 207 13
48.0 24 14
49.0 130 0
13.0 55 1
9.0 32 2
100.0 1134 3
1.0 13 4
28.0 1115 5
0.0 17 6
18.0 69 7
43.0 67 8
22.0 671 9
10.0 8485 10
14.0 4663 11
2.0 19 12
5.0 25 13
11.0 50 14
62.0 33 0
1.0 26 1
6.0 19 2
1.0 21 3
14.0 697 4
22.0 44 5
13.0 52 6
11.0 113 7
82.0 8 8
67.0 73 9
8.0 5208 10
18.0 587 11
9.0 57 12
0.0 8 13
42.0 21 14
81.0 1212 0
9.0 151 1
1.0 22 2
15.0 178 3
12.0 3607 4
9.0 8173 5
62.0 472 6
14.0 42 7
16.0 49 8
54.0 8 9
21.0 8 10
16.0 36 11
8.0 8 12
18.0 22 13
41.0 8 14
43.0 21 0
12.0 115 1
4.0 8 2
4.0 583 3
59.0 4321 4
16.0 59 5
90.0 416 6
3.0 61 7
22.0 8 8
14.0 23 9
3.0 20587 10
2.0 8 11
18.0 398 12
10.0 20 13
21.0 45 14
150.0 319 0
35.0 4251 1
0.0 41 2
94.0 4612 3
12.0 61 4
8.0 489 5
16.0 27 6
14.0 56 7
58.0 1369 8
5.0 8 9
42.0 41 10
81.0 1153 11
36.0 1087 12
36.0 38 13
9.0 8 14
5.0 4330 0
4.0 25 1
5.0 1338 2
8.0 2650 3
11.0 23 4
16.0 213 5
41.0 2126 6
40.0 1842 7
6.0 184 8
9.0 23 9
45.0 21 10
36.0 23 11
39.0 7186 12
46.0 8 13
17.0 24 14
18.0 34 0
7.0 1500 1
16.0 8 2
26.0 8 3
16.0 32 4
19.0 15 5
37.0 13633 6
10.0 66 7
25.0 35 8
13.0 21 9
37.0 7822 10
1.0 8 11
4.0 1463 12
24.0 59 13
4.0 2946 14
15.0 66 0
18.0 1194 1
6.0 8 2
63.0 222 3
8.0 3558 4
97.0 5398 5
38.0 128 6
7.0 8 7
26.0 11 8
54.0 828 9
5.0 40 10
25.0 602 11
29.0 8 12
14.0 8 13
8.0 8 14
14.0 1516 0
52.0 43 1
0.0 12841 2
45.0 8 3
16.0 43 4
4.0 11 5
7.0 31 6
21.0 106 7
33.0 1196 8
16.0 264 9
8.0 8 10
0.0 31 11
13.0 8095 12
27.0 33 13
15.0 2773 14
78.0 126 0
56.0 26 1
5.0 20 2
17.0 8 3
90.0 23 4
1.0 53 5
31.0 7964 6
1.0 71 7
34.0 1680 8
60.0 3108 9
1.0 2811 10
7.0 1611 11
11.0 184 12
12.0 8 13
2.0 49 14
19.0 15 0
14.0 6704 1
24.0 36 2
9.0 552 3
21.0 2801 4
6.0 1664 5
5.0 8 6
16.0 4519 7
14.0 1399 8
2.0 181 9
29.0 878 10
8.0 2429 11
55.0 2033 12
33.0 124 13
11.0 8 14
45.0 32 0
33.0 16 1
1.0 50 2
45.0 19 3
16.0 42 4
4.0 1655 5
23.0 6558 6
43.0 6797 7
1.0 48 8
9.0 805 9
17.0 1440 10
25.0 9305 11
20.0 8 12
1.0 1736 13
0.0 8 14
7.0 2030 0
0.0 8 1
9.0 1313 2
11.0 1025 3
42.0 26 4
16.0 6839 5
38.0 40 6
3.0 8 7
24.0 8 8
61.0 29 9
31.0 21 10
2.0 5964 11
76.0 1326 12
74.0 8 13
43.0 18781 14
22.0 24 0
21.0 591 1
38.0 62 2
18.0 184 3
60.0 1732 4
3.0 5056 5
9.0 14 6
4.0 31 7
34.0 3727 8
21.0 816 9
3.0 676 10
16.0 1075 11
6.0 636 12
22.0 588 13
25.0 1030 14
44.0 8 0
39.0 290 1
5.0 15 2
15.0 8 3
32.0 1057 4
1.0 8 5
24.0 1123 6
16.0 15 7
36.0 1703 8
32.0 1901 9
30.0 8 10
13.0 3033 11
40.0 23 12
2.0 19 13
4.0 8070 14
1.0 8 0
18.0 17876 1
3.0 25 2
15.0 62 3
7.0 20 4
62.0 71 5
36.0 8 6
17.0 173 7
8.0 1098 8
57.0 3135 9
14.0 32 10
34.0 8 11
9.0 177 12
10.0 60 13
9.0 59 14
2.0 63 0
17.0 2076 1
25.0 90 2
7.0 11 3
16.0 931 4
8.0 1192 5
24.0 59 6
2.0 20 7
3.0 145 8
16.0 5475 9
8.0 7453 10
27.0 8 11
8.0 24980 12
19.0 18 13
45.0 8 14
2.0 3130 0
42.0 1345 1
21.0 183 2
26.0 487 3
35.0 18 4
58.0 17190 5
29.0 8858 6
25.0 72 7
37.0 16 8
1.0 1407 9
31.0 8 10
35.0 1013 11
5.0 46 12
67.0 66 13
1.0 50 14
23.0 12 0
12.0 3979 1
4.0 3701 2
15.0 7953 3
2.0 12 4
6.0 19 5
1.0 24 6
7.0 23 7
75.0 6204 8
85.0 43 9
3.0 8 10
37.0 19 11
45.0 31 12
27.0 4971 13
137.0 53 14
9.0 16 0
2.0 175 1
5.0 537 2
23.0 1624 3
69.0 38 4
34.0 1870 5
30.0 48 6
29.0 40 7
3.0 32 8
1.0 10 9
12.0 8 10
26.0 22 11
57.0 42 12
36.0 29 13
29.0 4253 14
10.0 22 0
2.0 8 1
44.0 21 2
14.0 124 3
24.0 8 4
21.0 17 5
41.0 611 6
0.0 109 7
33.0 1221 8
39.0 1164 9
31.0 23 10
11.0 11 11
8.0 143 12
4.0 1742 13
13.0 33 14
21.0 781 0
5.0 364 1
32.0 8 2
19.0 152 3
31.0 455 4
14.0 25 5
10.0 223 6
0.0 21 7
2.0 20 8
32.0 8 9
5.0 1587 10
49.0 8 11
1.0 531 12
13.0 30 13
24.0 1191 14
20.0 1025 0
1.0 858 1
21.0 8 2
22.0 3115 3
24.0 2462 4
20.0 4953 5
46.0 1481 6
11.0 3011 7
9.0 112 8
5.0 62 9
79.0 14 10
0.0 893 11
5.0 54 12
64.0 1725 13
2.0 8 14
31.0 38 0
39.0 27 1
10.0 35 2
7.0 1309 3
8.0 58 4
47.0 4324 5
24.0 2652 6
9.0 8 7
12.0 1383 8
2.0 52 9
22.0 2539 10
11.0 513 11
6.0 18758 12
6.0 708 13
5.0 6819 14
7.0 8 0
9.0 1702 1
11.0 19 2
17.0 8 3
11.0 170 4
37.0 10 5
33.0 8 6
6.0 24 7
2.0 8084 8
38.0 8 9
0.0 26 10
1.0 10 11
8.0 821 12
1.0 45 13
48.0 26 14
7.0 25 0
23.0 1801 1
1.0 40 2
17.0 21 3
51.0 3851 4
14.0 8 5
22.0 479 6
13.0 70 7
17.0 56 8
53.0 24 9
13.0 333 10
6.0 95 11
33.0 4758 12
20.0 109 13
24.0 20 14
11.0 32 0
19.0 8 1
54.0 6026 2
5.0 25 3
63.0 23 4
21.0 1313 5
9.0 810 6
44.0 6654 7
8.0 82 8
2.0 8 9
4.0 68 10
30.0 43 11
6.0 52 12
64.0 48 13
9.0 33 14
29.0 880 0
4.0 1850 1
49.0 58 2
10.0 8 3
15.0 1748 4
27.0 61 5
2.0 15476 6
36.0 8 7
23.0 64 8
37.0 384 9
2.0 8 10
17.0 8 11
16.0 376 12
48.0 20798 13
41.0 8 14
1.0 21 0
63.0 851 1
8.0 8 2
20.0 15 3
18.0 684 4
2.0 122 5
22.0 12539 6
22.0 8 7
9.0 494 8
11.0 19 9
41.0 8 10
27.0 28 11
1.0 73 12
2.0 1044 13
8.0 26193 14
60.0 3610 0
12.0 1671 1
14.0 1612 2
92.0 24 3
21.0 22 4
28.0 8 5
34.0 16658 6
17.0 51 7
26.0 4087 8
13.0 27 9
25.0 24 10
34.0 183 11
33.0 542 12
30.0 8 13
55.0 134 14
47.0 60 0
3.0 15 1
10.0 3660 2
10.0 154 3
11.0 8 4
9.0 11 5
38.0 8 6
40.0 2092 7
9.0 814 8
1.0 17170 9
92.0 12 10
10.0 25 11
10.0 54 12
22.0 62 13
7.0 79 14
24.0 48 0
2.0 71 1
7.0 30 2
70.0 702 3
3.0 27 4
34.0 404 5
16.0 8 6
60.0 4308 7
43.0 768 8
9.0 61 9
72.0 7800 10
22.0 8 11
6.0 570 12
5.0 1114 13
1.0 166 14
39.0 711 0
42.0 57 1
6.0 37 2
1.0 50 3
27.0 96 4
28.0 45 5
15.0 39 6
26.0 3868 7
14.0 2720 8
5.0 35 9
9.0 2331 10
27.0 9 11
9.0 8 12
5.0 8 13
27.0 25469 14
35.0 55 0
3.0 42 1
19.0 56 2
12.0 4256 3
54.0 160 4
3.0 8 5
30.0 23 6
49.0 262 7
75.0 59 8
37.0 917 9
17.0 63 10
2.0 8263 11
33.0 53 12
7.0 13536 13
2.0 8 14
42.0 22 0
24.0 25 1
9.0 8 2
51.0 1224 3
36.0 1202 4
16.0 119 5
9.0 740 6
24.0 13801 7
7.0 52 8
47.0 4638 9
22.0 2884 10
1.0 13 11
0.0 3561 12
19.0 2387 13
7.0 57 14
19.0 60 0
1.0 4586 1
23.0 41 2
1.0 49 3
10.0 170 4
15.0 7205 5
10.0 8 6
12.0 18 7
18.0 8 8
2.0 779 9
12.0 63 10
44.0 330 11
7.0 8 12
4.0 21 13
27.0 27701 14
1.0 60 0
39.0 8 1
11.0 8 2
1.0 8 3
44.0 8 4
3.0 11 5
24.0 45 6
16.0 291 7
12.0 23 8
11.0 70 9
17.0 9396 10
72.0 22 11
21.0 54 12
7.0 5139 13
36.0 2979 14
1.0 1250 0
81.0 26 1
58.0 1556 2
4.0 50 3
4.0 8451 4
12.0 18 5
1.0 8 6
52.0 50 7
3.0 23 8
43.0 8 9
4.0 54 10
11.0 23 11
44.0 20 12
4.0 8742 13
90.0 93 14
10.0 33 0
15.0 4264 1
16.0 8 2
14.0 790 3
36.0 11 4
52.0 17 5
11.0 43 6
21.0 40 7
74.0 32 8
8.0 8 9
25.0 8 10
33.0 26 11
17.0 8 12
39.0 1106 13
7.0 8 14
29.0 43 0
27.0 23 1
4.0 545 2
12.0 1976 3
54.0 123 4
10.0 3828 5
7.0 9179 6
33.0 852 7
73.0 4836 8
1.0 11 9
48.0 1839 10
1.0 66 11
8.0 268 12
8.0 24 13
10.0 8 14
21.0 36 0
12.0 8 1
9.0 2395 2
19.0 3216 3
4.0 2911 4
15.0 896 5
3.0 8 6
13.0 3015 7
4.0 20 8
14.0 337 9
12.0 8 10
43.0 12 11
37.0 24 12
21.0 376 13
13.0 8524 14
28.0 25753 0
12.0 50 1
118.0 8 2
30.0 1955 3
44.0 228 4
43.0 3007 5
60.0 23 6
33.0 54 7
44.0 25689 8
24.0 55 9
25.0 22 10
15.0 72 11
9.0 37 12
30.0 617 13
43.0 126 14
23.0 26 0
20.0 2657 1
10.0 8 2
39.0 5127 3
61.0 207 4
19.0 16 5
37.0 24 6
33.0 530 7
21.0 26 8
7.0 4025 9
57.0 8 10
0.0 1462 11
3.0 6021 12
53.0 21 13
23.0 35 14
34.0 19679 0
10.0 58 1
59.0 8 2
4.0 2821 3
39.0 21 4
21.0 43 5
42.0 8 6
37.0 20 7
11.0 4088 8
80.0 32 9
17.0 3315 10
56.0 42 11
20.0 15576 12
2.0 8 13
14.0 8 14
4.0 1858 0
12.0 67 1
19.0 13 2
113.0 86 3
37.0 8 4
3.0 118 5
157.0 53 6
11.0 1333 7
2.0 41 8
34.0 169 9
2.0 8 10
1.0 2509 11
43.0 8 12
0.0 21954 13
6.0 8 14
32.0 143 0
12.0 618 1
6.0 357 2
19.0 8161 3
2.0 72 4
21.0 105 5
55.0 8 6
13.0 8 7
61.0 8 8
66.0 60 9
41.0 1349 10
1.0 1709 11
16.0 55 12
28.0 63 13
4.0 54 14
45.0 12 0
41.0 49 1
49.0 3957 2
1.0 93 3
18.0 8 4
42.0 3794 5
10.0 34 6
3.0 8 7
17.0 936 8
12.0 962 9
7.0 51 10
6.0 8 11
2.0 70 12
8.0 2744 13
17.0 22 14
18.0 25667 0
0.0 1395 1
30.0 1671 2
23.0 640 3
80.0 3454 4
80.0 249 5
6.0 8351 6
37.0 825 7
18.0 29 8
25.0 18 9
2.0 8 10
42.0 358 11
13.0 579 12
1.0 1674 13
10.0 734 14
43.0 61 0
4.0 588 1
41.0 8 2
30.0 17 3
2.0 5592 4
3.0 7710 5
22.0 3118 6
6.0 8 7
32.0 9 8
22.0 54 9
4.0 18 10
11.0 9 11
15.0 66 12
38.0 1500 13
2.0 4078 14
7.0 14 0
3.0 1592 1
22.0 49 2
40.0 4434 3
24.0 20 4
53.0 9 5
54.0 691 6
44.0 5453 7
42.0 73 8
11.0 4652 9
1.0 782 10
11.0 6588 11
14.0 187 12
11.0 8 13
16.0 23 14
9.0 12 0
19.0 22 1
22.0 47 2
23.0 24 3
1.0 676 4
10.0 2973 5
14.0 1692 6
7.0 58 7
25.0 114 8
1.0 2412 9
18.0 3457 10
11.0 6496 11
3.0 20 12
57.0 8 13
1.0 8 14
0.0 5316 0
3.0 66 1
10.0 4867 2
9.0 617 3
47.0 22 4
6.0 2133 5
0.0 5164 6
7.0 7064 7
21.0 41 8
3.0 8 9
25.0 13385 10
29.0 2561 11
16.0 1283 12
57.0 23 13
6.0 8 14
20.0 8 0
58.0 81 1
26.0 8 2
27.0 55 3
31.0 72 4
7.0 64 5
23.0 835 6
58.0 1475 7
40.0 1220 8
23.0 8 9
16.0 1846 10
3.0 67 11
4.0 6520 12
0.0 103 13
30.0 5585 14
53.0 138 0
3.0 1858 1
26.0 8 2
3.0 3427 3
12.0 8232 4
12.0 2605 5
13.0 50 6
17.0 20 7
59.0 8 8
44.0 83 9
5.0 88 10
6.0 1666 11
11.0 34 12
6.0 23 13
6.0 96 14
13.0 157 0
44.0 38 1
61.0 34 2
13.0 8 3
11.0 3534 4
23.0 187 5
2.0 244 6
4.0 60 7
3.0 55 8
37.0 6483 9
10.0 8 10
87.0 151 11
21.0 1690 12
25.0 8 13
18.0 8 14
21.0 131 0
12.0 73 1
57.0 166 2
10.0 778 3
9.0 9 4
25.0 34 5
71.0 8 6
10.0 2824 7
27.0 123 8
1.0 142 9
9.0 6134 10
24.0 1439 11
5.0 82 12
3.0 50 13
15.0 267 14
96.0 743 0
6.0 44 1
14.0 4380 2
25.0 2299 3
24.0 3903 4
60.0 421 5
8.0 315 6
18.0 8 7
27.0 97 8
0.0 32 9
47.0 298 10
3.0 8 11
119.0 1211 12
10.0 1877 13
53.0 20 14
39.0 2259 0
21.0 26 1
91.0 42 2
31.0 81 3
0.0 1492 4
18.0 20 5
25.0 9 6
44.0 4357 7
1.0 8 8
19.0 1693 9
19.0 2549 10
65.0 17 11
4.0 8 12
27.0 264 13
19.0 16 14
33.0 1300 0
0.0 4072 1
39.0 23 2
5.0 42 3
29.0 607 4
3.0 11 5
27.0 1679 6
6.0 1138 7
26.0 22 8
2.0 30 9
43.0 36 10
5.0 8 11
21.0 15096 12
0.0 8321 13
43.0 21 14
25.0 93 0
4.0 23 1
18.0 1777 2
31.0 73 3
53.0 20 4
6.0 23 5
7.0 34 6
2.0 1244 7
16.0 8 8
50.0 8 9
4.0 65 10
4.0 52 11
28.0 2232 12
51.0 99 13
11.0 4638 14
8.0 18 0
8.0 8 1
1.0 36 2
10.0 8 3
69.0 55 4
15.0 8 5
21.0 8 6
8.0 29 7
0.0 64 8
10.0 12203 9
3.0 8 10
114.0 16 11
30.0 21 12
32.0 19 13
12.0 25 14
35.0 187 0
44.0 54 1
22.0 18706 2
19.0 21 3
8.0 58 4
10.0 23844 5
24.0 20 6
5.0 74 7
24.0 11 8
18.0 8053 9
1.0 343 10
4.0 48 11
22.0 1224 12
0.0 58 13
11.0 3166 14
1.0 1318 0
14.0 171 1
6.0 2151 2
9.0 24188 3
22.0 6977 4
102.0 573 5
6.0 8 6
1.0 29 7
27.0 4575 8
3.0 708 9
21.0 8838 10
36.0 99 11
27.0 8 12
7.0 25 13
17.0 3128 14
0.0 34 0
2.0 212 1
6.0 59 2
7.0 74 3
14.0 35 4
15.0 8 5
17.0 503 6
16.0 8185 7
35.0 1353 8
10.0 3388 9
15.0 17 10
45.0 29 11
0.0 22767 12
61.0 844 13
7.0 1410 14
43.0 25 0
20.0 8 1
16.0 1718 2
37.0 973 3
18.0 46 4
1.0 7492 5
24.0 1083 6
85.0 9 7
4.0 18 8
44.0 8719 9
46.0 1930 10
83.0 14972 11
18.0 8 12
0.0 26 13
7.0 26 14
46.0 25 0
1.0 439 1
17.0 8 2
0.0 2619 3
28.0 68 4
4.0 8 5
5.0 67 6
50.0 20 7
3.0 89 8
5.0 8 9
3.0 40 10
26.0 46 11
21.0 19 12
3.0 102 13
0.0 61 14
128.0 7418 0
42.0 62 1
13.0 49 2
26.0 8 3
10.0 68 4
96.0 7224 5
35.0 21 6
14.0 22 7
32.0 21 8
24.0 1362 9
5.0 13357 10
35.0 53 11
12.0 4456 12
70.0 8 13
6.0 2939 14
5.0 8279 0
13.0 8 1
6.0 2432 2
1.0 8 3
46.0 41 4
1.0 45 5
1.0 97 6
50.0 58 7
6.0 13 8
8.0 2573 9
39.0 4126 10
11.0 19 11
2.0 13 12
26.0 1170 13
26.0 1752 14
4.0 107 0
33.0 83 1
57.0 14 2
46.0 3395 3
29.0 701 4
11.0 8 5
4.0 6224 6
31.0 37 7
23.0 8 8
35.0 23 9
20.0 62 10
90.0 8100 11
56.0 8 12
6.0 16 13
6.0 38 14
6.0 1061 0
34.0 4002 1
33.0 32 2
2.0 8 3
21.0 1166 4
1.0 615 5
17.0 144 6
19.0 17 7
5.0 69 8
29.0 1368 9
0.0 15 10
26.0 74 11
17.0 145 12
9.0 22 13
14.0 8 14
1.0 26 0
2.0 11325 1
48.0 68 2
1.0 74 3
29.0 8 4
9.0 1658 5
4.0 1298 6
34.0 8 7
0.0 14 8
12.0 89 9
51.0 71 10
42.0 32 11
26.0 129 12
15.0 8 13
31.0 1091 14
5.0 71 0
12.0 8852 1
10.0 11 2
41.0 20 3
31.0 954 4
15.0 739 5
24.0 857 6
27.0 50 7
6.0 8001 8
18.0 329 9
34.0 199 10
17.0 35 11
17.0 54 12
23.0 26 13
67.0 8 14
19.0 41 0
27.0 509 1
1.0 20 2
50.0 2732 3
33.0 9 4
31.0 7724 5
1.0 27 6
17.0 780 7
39.0 21 8
35.0 8 9
13.0 6787 10
9.0 4106 11
16.0 24 12
15.0 53 13
33.0 360 14
2.0 62 0
2.0 777 1
5.0 562 2
4.0 8 3
34.0 26 4
11.0 8 5
57.0 37 6
19.0 66 7
11.0 48 8
4.0 2693 9
11.0 15 10
5.0 4467 11
19.0 67 12
4.0 17 13
17.0 8 14
40.0 1851 0
8.0 13 1
5.0 19959 2
6.0 1216 3
6.0 13 4
11.0 1541 5
26.0 86 6
15.0 726 7
98.0 8 8
30.0 19852 9
44.0 1528 10
0.0 8 11
14.0 63 12
9.0 45 13
9.0 170 14
55.0 4740 0
9.0 23 1
9.0 4492 2
10.0 185 3
1.0 1241 4
21.0 27 5
57.0 8 6
6.0 22 7
53.0 41 8
3.0 8 9
57.0 4596 10
17.0 22 11
0.0 2612 12
4.0 8 13
65.0 10 14
29.0 1279 0
16.0 5453 1
21.0 6671 2
16.0 1739 3
16.0 4926 4
45.0 612 5
28.0 1130 6
4.0 117 7
10.0 8 8
26.0 1531 9
5.0 42 10
4.0 53 11
8.0 964 12
12.0 20 13
48.0 1271 14
3.0 25 0
5.0 3732 1
21.0 8 2
8.0 72 3
31.0 23533 4
5.0 133 5
7.0 74 6
17.0 720 7
9.0 26 8
22.0 8 9
29.0 4867 10
47.0 8 11
43.0 22 12
48.0 291 13
23.0 33 14
3.0 34 0
33.0 5062 1
4.0 62 2
1.0 20 3
46.0 29 4
5.0 39 5
26.0 2052 6
7.0 4587 7
5.0 5537 8
61.0 892 9
61.0 782 10
8.0 8 11
6.0 42 12
16.0 23219 13
108.0 61 14
21.0 34 0
29.0 1660 1
26.0 2607 2
74.0 31 3
5.0 4138 4
10.0 8 5
15.0 8 6
7.0 4348 7
19.0 444 8
37.0 8 9
1.0 18259 10
16.0 33 11
43.0 2357 12
4.0 9 13
11.0 8 14
7.0 8 0
1.0 6643 1
0.0 20 2
5.0 21 3
41.0 8 4
9.0 126 5
17.0 22070 6
2.0 24 7
21.0 8749 8
29.0 16 9
15.0 3124 10
6.0 11 11
23.0 13 12
7.0 5901 13
10.0 1136 14
9.0 50 0
57.0 8 1
31.0 49 2
14.0 48 3
31.0 25 4
33.0 4689 5
31.0 8 6
14.0 35 7
18.0 68 8
8.0 8 9
36.0 60 10
20.0 144 11
43.0 8 12
5.0 14 13
57.0 1834 14
3.0 23 0
7.0 6245 1
18.0 19 2
1.0 44 3
31.0 70 4
12.0 19 5
48.0 2695 6
5.0 24 7
49.0 941 8
26.0 8 9
4.0 52 10
25.0 8 11
66.0 391 12
86.0 30 13
24.0 583 14
4.0 5892 0
8.0 1829 1
133.0 8 2
85.0 21 3
1.0 57 4
12.0 51 5
58.0 8 6
25.0 126 7
28.0 8 8
15.0 21 9
4.0 26 10
21.0 650 11
14.0 1898 12
21.0 33 13
75.0 8 14
0.0 36 0
32.0 66 1
42.0 7696 2
110.0 8 3
18.0 1296 4
22.0 18 5
74.0 15 6
4.0 27 7
6.0 96 8
33.0 8 9
13.0 47 10
4.0 646 11
23.0 1319 12
13.0 42 13
18.0 63 14
10.0 1811 0
30.0 16 1
62.0 8 2
8.0 517 3
17.0 16 4
3.0 6161 5
3.0 44 6
8.0 397 7
16.0 25 8
12.0 8 9
19.0 31 10
17.0 55 11
79.0 34 12
28.0 7904 13
6.0 3927 14
10.0 8 0
43.0 10 1
83.0 1867 2
32.0 4185 3
6.0 49 4
25.0 7699 5
38.0 104 6
19.0 2955 7
5.0 139 8
52.0 768 9
22.0 31 10
16.0 8 11
85.0 8 12
2.0 11 13
2.0 45 14
2.0 1183 0
5.0 8 1
6.0 3124 2
30.0 2629 3
46.0 404 4
34.0 697 5
2.0 8 6
149.0 67 7
24.0 1059 8
16.0 21 9
19.0 1578 10
15.0 43 11
7.0 38 12
39.0 31 13
17.0 3105 14
11.0 8 0
11.0 14358 1
4.0 1116 2
94.0 41 3
11.0 19 4
1.0 18 5
18.0 47 6
51.0 14 7
62.0 66 8
38.0 13 9
8.0 8 10
20.0 164 11
6.0 476 12
34.0 8554 13
17.0 8565 14
5.0 1088 0
9.0 16 1
2.0 7135 2
15.0 1719 3
26.0 72 4
11.0 8 5
36.0 3806 6
28.0 9 7
12.0 8 8
4.0 1013 9
54.0 6938 10
16.0 70 11
0.0 13 12
6.0 777 13
11.0 8 14
24.0 39 0
102.0 23 1
10.0 856 2
10.0 18 3
39.0 4414 4
26.0 4233 5
13.0 8 6
45.0 3329 7
17.0 8 8
8.0 677 9
12.0 8 10
24.0 62 11
7.0 54 12
37.0 1457 13
7.0 21 14
12.0 8 0
12.0 19 1
5.0 24 2
6.0 51 3
33.0 8 4
29.0 8 5
1.0 17 6
1.0 1675 7
7.0 51 8
11.0 68 9
36.0 8 10
10.0 1794 11
10.0 3852 12
80.0 10 13
81.0 20 14
12.0 68 0
31.0 64 1
44.0 7797 2
8.0 28 3
45.0 17 4
13.0 71 5
0.0 70 6
24.0 72 7
2.0 24 8
9.0 39 9
24.0 15 10
23.0 1543 11
32.0 30 12
23.0 57 13
53.0 8 14
47.0 6519 0
5.0 25 1
2.0 26 2
25.0 13 3
25.0 8 4
40.0 7208 5
9.0 8 6
42.0 738 7
16.0 72 8
16.0 25 9
32.0 915 10
7.0 19 11
32.0 4396 12
3.0 910 13
14.0 20 14
12.0 847 0
58.0 782 1
13.0 2664 2
23.0 705 3
25.0 33 4
12.0 1552 5
38.0 72 6
11.0 29 7
59.0 1723 8
31.0 45 9
3.0 1213 10
7.0 67 11
2.0 2031 12
3.0 8 13
46.0 1799 14
16.0 1876 0
12.0 2426 1
18.0 33 2
14.0 22 3
90.0 26 4
17.0 3884 5
14.0 42 6
57.0 613 7
21.0 65 8
2.0 18 9
38.0 51 10
8.0 8 11
21.0 2984 12
29.0 1028 13
61.0 50 14
55.0 3364 0
17.0 5594 1
46.0 1780 2
25.0 43 3
10.0 18562 4
45.0 57 5
36.0 1506 6
2.0 58 7
30.0 55 8
52.0 3133 9
6.0 8 10
23.0 8830 11
5.0 2867 12
7.0 4075 13
4.0 63 14
74.0 64 0
23.0 8 1
42.0 16 2
17.0 3330 3
19.0 71 4
57.0 64 5
1.0 68 6
14.0 3159 7
40.0 4621 8
34.0 8 9
2.0 804 10
14.0 2736 11
6.0 15167 12
1.0 8 13
17.0 918 14
40.0 2499 0
0.0 692 1
18.0 6165 2
25.0 29 3
4.0 27 4
17.0 690 5
20.0 385 6
35.0 5446 7
2.0 8 8
27.0 833 9
3.0 8 10
12.0 66 11
42.0 28 12
41.0 18 13
13.0 40 14
19.0 51 0
1.0 8 1
37.0 68 2
16.0 681 3
5.0 147 4
3.0 662 5
10.0 8 6
2.0 8 7
12.0 19 8
9.0 57 9
64.0 8 10
1.0 7623 11
18.0 6887 12
1.0 4353 13
17.0 1147 14
12.0 68 0
56.0 38 1
11.0 1236 2
33.0 8 3
10.0 3498 4
22.0 8 5
16.0 1876 6
9.0 11386 7
10.0 35 8
15.0 16 9
107.0 56 10
10.0 59 11
5.0 242 12
10.0 1704 13
40.0 107 14
37.0 3377 0
20.0 597 1
22.0 22 2
97.0 176 3
1.0 4432 4
12.0 40 5
31.0 66 6
25.0 27 7
34.0 13 8
57.0 8 9
10.0 6411 10
5.0 20 11
4.0 1848 12
3.0 20 13
30.0 33 14
7.0 1301 0
1.0 1318 1
15.0 8 2
5.0 13 3
23.0 2905 4
13.0 179 5
9.0 31 6
8.0 4675 7
6.0 1072 8
6.0 7079 9
23.0 8 10
11.0 8 11
9.0 353 12
13.0 146 13
10.0 39 14
1.0 4698 0
9.0 2447 1
35.0 66 2
26.0 8 3
54.0 20 4
4.0 38 5
37.0 523 6
32.0 14 7
31.0 1693 8
38.0 3271 9
15.0 2295 10
16.0 62 11
46.0 347 12
11.0 44 13
38.0 1073 14
17.0 3241 0
10.0 111 1
22.0 25575 2
13.0 39 3
8.0 450 4
12.0 21 5
0.0 1394 6
18.0 23 7
3.0 8 8
36.0 1798 9
25.0 30 10
14.0 24 11
1.0 55 12
4.0 1139 13
13.0 4194 14
4.0 33 0
37.0 15 1
9.0 1763 2
2.0 7978 3
30.0 40 4
34.0 49 5
25.0 1004 6
38.0 25 7
18.0 8 8
6.0 1412 9
3.0 168 10
23.0 27 11
5.0 2061 12
14.0 34 13
8.0 8 14
40.0 67 0
14.0 1740 1
9.0 74 2
14.0 8 3
3.0 45 4
4.0 8 5
13.0 8415 6
1.0 4448 7
18.0 8 8
9.0 6643 9
6.0 2847 10
34.0 8 11
18.0 8 12
39.0 8 13
4.0 64 14
25.0 527 0
1.0 9028 1
33.0 42 2
60.0 291 3
15.0 8 4
71.0 169 5
4.0 768 6
23.0 4626 7
29.0 3251 8
24.0 1417 9
7.0 2834 10
11.0 8 11
33.0 19 12
31.0 859 13
6.0 830 14
15.0 680 0
33.0 14552 1
18.0 1575 2
0.0 62 3
28.0 71 4
88.0 73 5
4.0 8 6
17.0 754 7
54.0 8 8
131.0 249 9
50.0 1001 10
12.0 4787 11
15.0 577 12
8.0 1556 13
16.0 67 14
35.0 18 0
28.0 15028 1
12.0 14652 2
122.0 1340 3
20.0 80 4
2.0 186 5
5.0 655 6
16.0 18 7
4.0 55 8
18.0 62 9
28.0 122 10
23.0 13 11
26.0 117 12
57.0 8 13
1.0 1166 14
7.0 51 0
10.0 15 1
1.0 168 2
68.0 22 3
36.0 9 4
24.0 8 5
29.0 42 6
4.0 3998 7
44.0 2249 8
1.0 1125 9
15.0 37 10
11.0 4168 11
46.0 58 12
21.0 13 13
1.0 68 14
16.0 2484 0
131.0 36 1
13.0 12 2
17.0 3030 3
29.0 1685 4
35.0 55 5
26.0 8 6
0.0 8825 7
25.0 11 8
10.0 12912 9
11.0 21 10
5.0 14 11
2.0 8 12
81.0 4258 13
12.0 4206 14
28.0 630 0
5.0 14 1
27.0 1853 2
44.0 2251 3
39.0 20 4
16.0 2412 5
3.0 4095 6
0.0 117 7
18.0 33 8
12.0 1820 9
5.0 25 10
17.0 90 11
3.0 19 12
20.0 80 13
51.0 145 14
67.0 8 0
15.0 30 1
6.0 8 2
12.0 31 3
24.0 4866 4
38.0 37 5
35.0 8 6
14.0 4567 7
19.0 25 8
20.0 156 9
1.0 4596 10
4.0 706 11
52.0 20 12
31.0 87 13
105.0 5794 14
7.0 1846 0
4.0 44 1
3.0 1855 2
11.0 3688 3
62.0 8 4
7.0 26 5
28.0 1194 6
46.0 4112 7
43.0 1404 8
3.0 2578 9
7.0 2588 10
14.0 8 11
15.0 111 12
14.0 563 13
5.0 6488 14
11.0 47 0
2.0 8 1
0.0 8 2
9.0 24 3
4.0 8 4
30.0 29 5
2.0 26 6
4.0 2716 7
35.0 671 8
15.0 22532 9
21.0 69 10
18.0 19 11
76.0 3442 12
17.0 8 13
16.0 8 14
30.0 8323 0
11.0 68 1
4.0 8 2
37.0 8 3
3.0 20 4
67.0 5259 5
1.0 12 6
28.0 8 7
46.0 184 8
45.0 878 9
7.0 815 10
73.0 26 11
28.0 961 12
8.0 30 13
71.0 8 14
5.0 592 0
33.0 3406 1
14.0 1972 2
137.0 8 3
53.0 48 4
37.0 21680 5
44.0 18 6
3.0 25730 7
9.0 26923 8
3.0 171 9
87.0 1298 10
2.0 175 11
0.0 3584 12
12.0 19229 13
13.0 16 14
42.0 8 0
28.0 1413 1
60.0 8 2
80.0 30 3
28.0 7611 4
27.0 43 5
36.0 8 6
14.0 8 7
21.0 111 8
13.0 674 9
32.0 8 10
5.0 80 11
92.0 63 12
105.0 16 13
12.0 531 14
23.0 32 0
7.0 227 1
12.0 4323 2
30.0 18 3
13.0 6259 4
27.0 48 5
11.0 1273 6
21.0 36 7
27.0 4119 8
45.0 48 9
20.0 1281 10
18.0 24 11
4.0 144 12
3.0 8 13
21.0 13 14
21.0 8 0
14.0 127 1
4.0 3740 2
5.0 68 3
2.0 24 4
70.0 172 5
1.0 31 6
22.0 73 7
1.0 407 8
38.0 3704 9
36.0 337 10
8.0 7713 11
56.0 5319 12
15.0 57 13
1.0 45 14
12.0 35 0
17.0 8 1
30.0 43 2
42.0 1314 3
1.0 52 4
62.0 277 5
105.0 21 6
9.0 1032 7
17.0 143 8
19.0 750 9
6.0 41 10
2.0 8 11
18.0 2401 12
47.0 57 13
9.0 526 14
3.0 8 0
16.0 8 1
19.0 17 2
41.0 231 3
6.0 22 4
2.0 25 5
18.0 3721 6
43.0 14 7
19.0 19 8
5.0 30 9
29.0 38 10
4.0 1873 11
15.0 8 12
21.0 601 13
31.0 8684 14
34.0 43 0
32.0 1811 1
4.0 71 2
26.0 8 3
6.0 8 4
5.0 8 5
46.0 1446 6
0.0 1823 7
19.0 5808 8
44.0 3488 9
1.0 8 10
28.0 1357 11
3.0 22 12
38.0 22 13
6.0 105 14
13.0 1485 0
6.0 16 1
11.0 1112 2
89.0 18 3
15.0 22 4
3.0 70 5
5.0 48 6
16.0 1027 7
96.0 18 8
6.0 35 9
10.0 41 10
32.0 1661 11
17.0 44 12
23.0 1334 13
12.0 1617 14
11.0 55 0
42.0 4414 1
3.0 2254 2
0.0 66 3
76.0 68 4
74.0 6742 5
20.0 8 6
6.0 61 7
20.0 8 8
8.0 22 9
6.0 24 10
10.0 18867 11
6.0 66 12
37.0 62 13
27.0 41 14
37.0 286 0
49.0 8 1
67.0 8 2
58.0 1306 3
10.0 14 4
80.0 133 5
19.0 8 6
35.0 8 7
15.0 6654 8
16.0 8 9
6.0 39 10
8.0 549 11
7.0 790 12
70.0 2646 13
12.0 8 14
26.0 204 0
20.0 8 1
138.0 67 2
4.0 5515 3
22.0 8 4
36.0 30 5
18.0 73 6
25.0 21 7
10.0 3129 8
43.0 81 9
3.0 8 10
22.0 23305 11
26.0 899 12
4.0 5288 13
2.0 72 14
7.0 9 0
4.0 4398 1
1.0 8 2
26.0 8 3
36.0 180 4
53.0 14657 5
5.0 68 6
20.0 29 7
9.0 6740 8
88.0 8 9
19.0 62 10
49.0 68 11
43.0 45 12
2.0 1351 13
37.0 9 14
109.0 28 0
11.0 8 1
25.0 38 2
14.0 23 3
31.0 881 4
96.0 8 5
28.0 1178 6
26.0 20 7
33.0 22 8
11.0 21 9
9.0 3456 10
17.0 18 11
65.0 52 12
6.0 35 13
2.0 25008 14
49.0 521 0
15.0 22 1
22.0 9402 2
32.0 3434 3
17.0 511 4
41.0 131 5
77.0 68 6
12.0 3849 7
8.0 61 8
47.0 54 9
29.0 256 10
12.0 35 11
30.0 24 12
28.0 57 13
47.0 8 14
11.0 75 0
24.0 33 1
9.0 2448 2
3.0 8 3
23.0 38 4
0.0 100 5
1.0 8 6
55.0 8 7
11.0 50 8
53.0 18 9
36.0 8 10
25.0 1826 11
11.0 10 12
1.0 8 13
3.0 22 14
30.0 6925 0
9.0 14 1
87.0 440 2
2.0 1726 3
79.0 54 4
0.0 50 5
9.0 872 6
109.0 8 7
40.0 23 8
26.0 41 9
3.0 1057 10
3.0 64 11
54.0 404 12
3.0 23 13
22.0 1076 14
7.0 12 0
7.0 36 1
29.0 19 2
24.0 4198 3
63.0 26 4
13.0 7824 5
21.0 15 6
0.0 8 7
1.0 3059 8
2.0 160 9
16.0 70 10
63.0 782 11
45.0 1543 12
44.0 8 13
8.0 36 14
29.0 48 0
26.0 37 1
19.0 12 2
27.0 1767 3
33.0 14063 4
6.0 558 5
46.0 788 6
27.0 14 7
6.0 42 8
33.0 8 9
2.0 38 10
7.0 8 11
4.0 41 12
56.0 9725 13
19.0 1841 14
16.0 1136 0
29.0 65 1
20.0 38 2
12.0 2444 3
47.0 50 4
26.0 7787 5
22.0 25097 6
2.0 23 7
80.0 71 8
26.0 21 9
54.0 39 10
8.0 17 11
13.0 18 12
10.0 3132 13
8.0 7571 14
3.0 1448 0
25.0 2896 1
42.0 3073 2
6.0 75 3
16.0 58 4
8.0 25 5
8.0 58 6
51.0 330 7
1.0 108 8
20.0 4290 9
25.0 20 10
27.0 26 11
2.0 8 12
28.0 56 13
6.0 2672 14
15.0 2151 0
3.0 7201 1
18.0 639 2
3.0 4651 3
0.0 10461 4
55.0 22373 5
5.0 3308 6
16.0 41 7
69.0 723 8
10.0 3963 9
4.0 150 10
1.0 6612 11
3.0 8 12
4.0 1059 13
2.0 49 14
16.0 3767 0
22.0 8953 1
23.0 21871 2
4.0 36 3
4.0 20 4
45.0 46 5
78.0 37 6
8.0 23 7
10.0 620 8
39.0 36 9
2.0 16 10
40.0 8 11
44.0 893 12
8.0 1319 13
9.0 693 14
16.0 56 0
3.0 8 1
17.0 7054 2
2.0 2741 3
41.0 19 4
24.0 5951 5
13.0 73 6
4.0 288 7
77.0 5458 8
5.0 13 9
48.0 57 10
21.0 8 11
5.0 1118 12
10.0 8 13
45.0 3783 14
2.0 8 0
28.0 39 1
31.0 2642 2
6.0 27 3
17.0 8 4
9.0 3534 5
6.0 856 6
22.0 1074 7
13.0 70 8
38.0 1658 9
67.0 89 10
28.0 366 11
30.0 7908 12
2.0 15 13
34.0 1927 14
3.0 1187 0
11.0 5579 1
2.0 8 2
2.0 1282 3
4.0 8 4
37.0 8 5
24.0 8 6
14.0 1840 7
27.0 8737 8
5.0 18 9
2.0 1029 10
0.0 9170 11
7.0 66 12
2.0 8505 13
10.0 1953 14
33.0 18 0
13.0 1582 1
10.0 12 2
58.0 157 3
4.0 29 4
44.0 101 5
24.0 8 6
2.0 53 7
29.0 8 8
19.0 9 9
1.0 39 10
6.0 8 11
45.0 1301 12
15.0 8 13
36.0 25453 14
37.0 16 0
4.0 1368 1
17.0 7049 2
25.0 3884 3
3.0 371 4
12.0 1956 5
37.0 14 6
27.0 182 7
12.0 30 8
17.0 8 9
7.0 8 10
0.0 67 11
4.0 26 12
75.0 4411 13
28.0 2683 14
83.0 49 0
28.0 274 1
14.0 23535 2
23.0 8 3
47.0 66 4
23.0 63 5
3.0 3550 6
8.0 42 7
5.0 6096 8
16.0 166 9
8.0 8 10
7.0 8 11
5.0 1776 12
18.0 1610 13
44.0 11 14
37.0 8 0
7.0 5937 1
7.0 1088 2
8.0 1663 3
85.0 59 4
14.0 26 5
8.0 63 6
17.0 8 7
21.0 24 8
12.0 4975 9
28.0 8 10
9.0 8 11
7.0 83 12
19.0 20 13
14.0 398 14
9.0 1841 0
27.0 556 1
34.0 2459 2
4.0 70 3
45.0 27 4
23.0 25260 5
7.0 1350 6
15.0 989 7
8.0 199 8
3.0 136 9
44.0 33 10
27.0 958 11
31.0 4622 12
13.0 33 13
14.0 22 14
14.0 8 0
13.0 20 1
7.0 13 2
32.0 8 3
30.0 8 4
97.0 14 5
15.0 7786 6
13.0 344 7
6.0 8 8
73.0 91 9
11.0 61 10
13.0 26 11
14.0 17551 12
3.0 2916 13
5.0 25 14
12.0 56 0
34.0 35 1
28.0 8 2
58.0 25 3
10.0 8 4
6.0 21 5
26.0 3958 6
31.0 50 7
24.0 1335 8
40.0 769 9
40.0 24 10
12.0 97 11
10.0 55 12
0.0 3973 13
24.0 39 14
21.0 63 0
10.0 44 1
8.0 37 2
11.0 5574 3
13.0 8 4
3.0 25 5
4.0 15 6
8.0 8 7
94.0 1661 8
17.0 57 9
10.0 8 10
20.0 22239 11
10.0 19 12
23.0 709 13
30.0 65 14
9.0 19 0
1.0 15 1
13.0 8 2
2.0 929 3
9.0 8 4
0.0 2628 5
11.0 32 6
49.0 8 7
15.0 282 8
5.0 2954 9
33.0 28150 10
2.0 4250 11
5.0 8 12
44.0 8 13
34.0 11 14
13.0 9 0
18.0 43 1
11.0 18 2
24.0 24 3
26.0 100 4
27.0 59 5
9.0 8 6
8.0 18 7
40.0 4401 8
19.0 41 9
22.0 122 10
5.0 7230 11
9.0 25 12
1.0 47 13
58.0 25 14
2.0 22 0
2.0 8 1
25.0 35 2
34.0 42 3
46.0 1285 4
4.0 4808 5
1.0 24 6
60.0 28 7
15.0 5540 8
1.0 8 9
12.0 53 10
91.0 34 11
5.0 10967 12
67.0 8 13
4.0 6797 14
8.0 112 0
18.0 18 1
4.0 8 2
92.0 8 3
54.0 8 4
0.0 134 5
11.0 1324 6
38.0 8 7
4.0 47 8
28.0 1343 9
30.0 77 10
44.0 8 11
35.0 72 12
5.0 121 13
1.0 59 14
14.0 10301 0
34.0 8 1
47.0 15 2
20.0 7187 3
0.0 8 4
58.0 402 5
31.0 8 6
1.0 7473 7
60.0 13 8
16.0 7396 9
39.0 14670 10
6.0 32 11
16.0 30 12
43.0 3232 13
6.0 12 14
61.0 852 0
22.0 55 1
2.0 49 2
7.0 21 3
8.0 20 4
26.0 37 5
48.0 25 6
27.0 1519 7
11.0 3834 8
17.0 2105 9
5.0 20 10
14.0 8 11
2.0 8 12
20.0 14 13
71.0 21 14
33.0 9269 0
10.0 2987 1
36.0 45 2
5.0 8 3
12.0 50 4
207.0 163 5
41.0 2237 6
39.0 8 7
69.0 24 8
10.0 45 9
3.0 496 10
0.0 8 11
42.0 18340 12
3.0 54 13
5.0 18623 14
26.0 27 0
3.0 2501 1
22.0 68 2
3.0 32 3
14.0 146 4
35.0 498 5
1.0 8 6
23.0 11 7
12.0 2229 8
40.0 931 9
1.0 57 10
34.0 305 11
10.0 3894 12
4.0 3010 13
6.0 1420 14
9.0 22 0
28.0 8 1
3.0 8 2
19.0 8 3
38.0 28 4
1.0 15 5
1.0 8 6
34.0 8 7
12.0 597 8
10.0 54 9
28.0 2156 10
33.0 53 11
5.0 82 12
42.0 8 13
1.0 804 14
43.0 177 0
46.0 962 1
5.0 6798 2
1.0 8 3
5.0 8 4
5.0 8 5
5.0 5030 6
3.0 587 7
34.0 685 8
29.0 7425 9
44.0 63 10
24.0 49 11
9.0 115 12
4.0 5005 13
4.0 59 14
87.0 16 0
56.0 1233 1
24.0 5771 2
8.0 20 3
5.0 1195 4
91.0 26 5
20.0 24 6
90.0 68 7
11.0 8 8
2.0 3170 9
44.0 8 10
4.0 2482 11
25.0 556 12
12.0 8 13
14.0 10 14
78.0 144 0
17.0 2866 1
26.0 24 2
53.0 1316 3
38.0 30 4
13.0 23 5
9.0 183 6
121.0 573 7
109.0 1130 8
4.0 24 9
29.0 49 10
18.0 2801 11
19.0 22 12
5.0 1658 13
4.0 1417 14
0.0 8508 0
22.0 23 1
3.0 63 2
15.0 17643 3
0.0 1227 4
52.0 41 5
8.0 7895 6
12.0 1982 7
8.0 111 8
42.0 12 9
14.0 4569 10
11.0 26 11
2.0 8 12
11.0 658 13
2.0 1196 14
13.0 8 0
29.0 50 1
16.0 755 2
37.0 619 3
25.0 8 4
39.0 50 5
12.0 499 6
13.0 8 7
5.0 68 8
15.0 9149 9
0.0 23 10
36.0 33 11
38.0 15 12
44.0 3343 13
7.0 4329 14
10.0 8 0
20.0 12 1
8.0 1718 2
17.0 47 3
12.0 37 4
8.0 63 5
4.0 3787 6
21.0 8 7
3.0 9 8
9.0 11 9
11.0 161 10
1.0 20 11
5.0 1472 12
2.0 71 13
1.0 20 14
12.0 4799 0
35.0 145 1
27.0 1490 2
22.0 55 3
56.0 4212 4
29.0 24 5
21.0 41 6
9.0 133 7
8.0 5561 8
60.0 60 9
12.0 601 10
32.0 8 11
7.0 22 12
11.0 43 13
71.0 835 14
9.0 22 0
16.0 18 1
52.0 30 2
3.0 71 3
10.0 24 4
1.0 31 5
10.0 641 6
77.0 113 7
31.0 13 8
21.0 52 9
57.0 8 10
6.0 3468 11
1.0 61 12
16.0 55 13
12.0 1606 14
43.0 1497 0
22.0 22 1
36.0 38 2
33.0 777 3
73.0 3365 4
42.0 3209 5
8.0 7822 6
3.0 53 7
3.0 193 8
49.0 1284 9
12.0 8120 10
7.0 3138 11
25.0 25 12
12.0 1150 13
0.0 123 14
9.0 23 0
6.0 8 1
7.0 3752 2
1.0 15 3
25.0 18 4
18.0 18 5
23.0 33 6
0.0 140 7
12.0 9056 8
36.0 43 9
6.0 59 10
16.0 161 11
3.0 412 12
10.0 21 13
2.0 4811 14
3.0 61 0
12.0 4030 1
21.0 8 2
3.0 8 3
12.0 63 4
20.0 8 5
33.0 3518 6
14.0 128 7
38.0 1693 8
41.0 8 9
2.0 16096 10
11.0 5528 11
5.0 198 12
12.0 8 13
2.0 3628 14
19.0 26306 0
4.0 55 1
36.0 2228 2
4.0 420 3
7.0 17 4
19.0 63 5
1.0 8 6
2.0 8 7
3.0 144 8
0.0 45 9
3.0 73 10
27.0 4858 11
1.0 8 12
58.0 251 13
8.0 920 14
16.0 28 0
5.0 8 1
4.0 1047 2
27.0 8 3
16.0 918 4
33.0 8050 5
15.0 46 6
9.0 6215 7
6.0 18 8
38.0 2777 9
44.0 63 10
8.0 1131 11
14.0 8 12
4.0 26 13
52.0 24 14
40.0 10 0
30.0 2882 1
72.0 2084 2
42.0 7099 3
8.0 163 4
3.0 29 5
2.0 20 6
25.0 431 7
5.0 28 8
7.0 8 9
5.0 145 10
36.0 2449 11
16.0 56 12
10.0 53 13
14.0 38 14
1.0 62 0
9.0 312 1
5.0 223 2
17.0 201 3
3.0 8 4
0.0 1411 5
7.0 182 6
53.0 56 7
19.0 23 8
1.0 3292 9
5.0 5753 10
13.0 2630 11
6.0 9190 12
1.0 40 13
15.0 47 14
74.0 22 0
4.0 24 1
18.0 51 2
88.0 169 3
4.0 8 4
113.0 325 5
0.0 17 6
64.0 24 7
3.0 8 8
32.0 2011 9
4.0 8 10
14.0 33 11
8.0 8 12
7.0 1527 13
9.0 1631 14
2.0 6481 0
91.0 14411 1
2.0 409 2
7.0 5776 3
32.0 4004 4
1.0 55 5
6.0 6921 6
43.0 6395 7
24.0 8 8
8.0 8 9
81.0 13 10
2.0 72 11
40.0 3361 12
54.0 8 13
13.0 738 14
58.0 630 0
15.0 8 1
7.0 73 2
22.0 56 3
101.0 52 4
2.0 1605 5
14.0 7683 6
9.0 175 7
2.0 2961 8
11.0 43 9
19.0 26 10
2.0 549 11
2.0 4613 12
14.0 592 13
45.0 8 14
4.0 2281 0
5.0 54 1
14.0 9845 2
5.0 20 3
99.0 8 4
47.0 8 5
51.0 94 6
18.0 175 7
72.0 8 8
26.0 8 9
1.0 54 10
18.0 8 11
36.0 47 12
19.0 5535 13
20.0 55 14
52.0 8 0
57.0 8 1
1.0 13522 2
33.0 7465 3
13.0 25135 4
3.0 8 5
8.0 4903 6
38.0 86 7
4.0 128 8
5.0 1383 9
7.0 48 10
51.0 8571 11
2.0 4089 12
18.0 8 13
18.0 21746 14
11.0 16 0
19.0 70 1
6.0 1782 2
19.0 54 3
2.0 59 4
7.0 8 5
6.0 8165 6
18.0 67 7
64.0 1272 8
11.0 593 9
22.0 120 10
3.0 35 11
77.0 21 12
10.0 8 13
8.0 41 14
6.0 18 0
53.0 2565 1
15.0 133 2
14.0 6627 3
13.0 479 4
59.0 64 5
46.0 54 6
3.0 74 7
8.0 3008 8
59.0 1100 9
4.0 3811 10
15.0 8 11
37.0 193 12
8.0 1209 13
7.0 1797 14
13.0 43 0
10.0 8 1
2.0 3283 2
7.0 6993 3
16.0 593 4
2.0 65 5
10.0 2490 6
37.0 41 7
38.0 4284 8
17.0 8 9
31.0 8 10
1.0 3955 11
13.0 2592 12
21.0 6362 13
29.0 17 14
1.0 27346 0
26.0 40 1
11.0 8 2
27.0 72 3
13.0 21 4
25.0 1436 5
0.0 8 6
15.0 17 7
78.0 61 8
46.0 20 9
6.0 4323 10
34.0 8 11
7.0 8 12
4.0 1869 13
2.0 19 14
11.0 6803 0
10.0 6857 1
9.0 34 2
49.0 8 3
47.0 8 4
22.0 24 5
11.0 2318 6
29.0 23 7
1.0 1032 8
9.0 8 9
4.0 837 10
8.0 40 11
2.0 8 12
8.0 32 13
11.0 1787 14
12.0 514 0
17.0 3028 1
72.0 4913 2
2.0 4276 3
93.0 8 4
43.0 8 5
41.0 342 6
11.0 44 7
1.0 10605 8
9.0 18 9
22.0 8 10
26.0 22 11
30.0 89 12
49.0 19 13
17.0 567 14
2.0 1578 0
7.0 4001 1
38.0 3111 2
65.0 1459 3
3.0 8 4
5.0 8 5
21.0 49 6
35.0 18 7
15.0 1268 8
12.0 58 9
10.0 1224 10
25.0 23 11
30.0 553 12
15.0 22 13
52.0 48 14
51.0 3585 0
9.0 14343 1
18.0 1776 2
10.0 23 3
40.0 499 4
10.0 8 5
3.0 68 6
37.0 1321 7
23.0 1708 8
39.0 1542 9
24.0 17 10
19.0 18129 11
29.0 670 12
40.0 59 13
27.0 8 14
6.0 26 0
1.0 455 1
25.0 10 2
2.0 62 3
51.0 159 4
4.0 30 5
58.0 8 6
6.0 8 7
36.0 132 8
53.0 514 9
5.0 64 10
36.0 32 11
11.0 1327 12
19.0 8 13
14.0 122 14
9.0 36 0
3.0 24 1
45.0 55 2
2.0 23 3
33.0 1497 4
4.0 73 5
28.0 57 6
10.0 19 7
0.0 142 8
60.0 20 9
4.0 21424 10
27.0 706 11
19.0 809 12
15.0 8 13
2.0 8 14
14.0 7255 0
3.0 1141 1
17.0 8 2
4.0 316 3
3.0 8 4
14.0 22 5
6.0 753 6
5.0 24 7
28.0 16 8
27.0 9233 9
18.0 364 10
69.0 29 11
24.0 470 12
19.0 173 13
36.0 5122 14
51.0 477 0
30.0 40 1
8.0 975 2
1.0 8 3
21.0 1698 4
11.0 11238 5
33.0 21 6
20.0 3274 7
9.0 8468 8
2.0 39 9
6.0 4222 10
28.0 74 11
38.0 4754 12
48.0 9 13
12.0 8 14
11.0 1689 0
11.0 1354 1
38.0 8 2
4.0 4351 3
23.0 44 4
2.0 66 5
34.0 20841 6
3.0 8 7
3.0 10 8
15.0 39 9
27.0 18 10
45.0 8633 11
28.0 28 12
17.0 1661 13
49.0 1747 14
75.0 367 0
1.0 61 1
6.0 693 2
83.0 931 3
2.0 256 4
31.0 1264 5
2.0 1359 6
90.0 8 7
16.0 47 8
29.0 45 9
29.0 2029 10
10.0 71 11
51.0 293 12
64.0 20 13
33.0 8729 14
38.0 536 0
9.0 3205 1
29.0 20 2
6.0 6143 3
