100.0 5 8
38.0 3 9
95.0 1 10
91.0 1 11
72.0 1 12
131.0 1 13
22.0 4 14
263.0 1 0
19.0 1 1
89.0 1 2
234.0 2 3
501.0 362 4
164.0 1 5
244.0 359 6
142.0 1 7
160.0 1 8
163.0 323 9
3.0 1 10
29.0 8 11
40.0 1 12
32.0 1 13
17.0 2438 14
9.0 27 0
5.0 5 1
25.0 8 2
48.0 7 3
64.0 1 4
54.0 1 5
40.0 1 6
22.0 34 7
38.0 1 8
188.0 1 9
49.0 1 10
36.0 3 11
66.0 1 12
374.0 1 13
180.0 6 14
83.0 8 0
20.0 1 1
408.0 1 2
62.0 3 3
98.0 1 4
249.0 2590 5
192.0 2 6
39.0 8 7
58.0 5 8
106.0 348 9
333.0 1 10
84.0 1 11
61.0 3 12
185.0 1 13
469.0 1 14
45.0 2 0
18.0 2572 1
41.0 3 2
17.0 1 3
53.0 1 4
101.0 1 5
137.0 3 6
113.0 1 7
30.0 2 8
26.0 8 9
168.0 87614 10
48.0 6 11
262.0 75536 12
176.0 2043 13
3.0 1 14
77.0 1 0
64.0 1 1
8.0 1 2
162.0 96 3
36.0 109 4
41.0 3 5
30.0 3 6
131.0 1 7
67.0 1 8
44.0 1 9
176.0 2 10
66.0 2 11
64.0 3 12
45.0 1 13
107.0 4 14
212.0 8 0
49.0 1 1
75.0 6 2
81.0 1 3
142.0 1 4
16.0 1 5
97.0 2 6
198.0 2 7
161.0 1 8
218.0 52867 9
39.0 2 10
126.0 2 11
210.0 1 12
182.0 1 13
18.0 1 14
247.0 2 0
85.0 1 1
1.0 1 2
76.0 1 3
2.0 582 4
154.0 272 5
6.0 1 6
6.0 6 7
103.0 2 8
97.0 48008 9
12.0 3 10
10.0 1 11
9.0 1 12
109.0 271 13
318.0 1 14
41.0 2 0
139.0 4 1
41.0 1 2
36.0 1 3
376.0 1 4
5.0 3 5
73.0 1 6
28.0 1 7
25.0 1 8
147.0 1 9
10.0 6 10
276.0 167 11
6.0 363 12
412.0 1 13
664.0 1 14
30.0 1 0
19.0 1 1
28.0 2 2
38.0 1 3
179.0 7 4
59.0 1 5
18.0 4 6
16.0 1 7
129.0 88523 8
99.0 1 9
31.0 1 10
5.0 4 11
10.0 1 12
7.0 1 13
157.0 1 14
39.0 2 0
8.0 1 1
12.0 3 2
189.0 1 3
77.0 3 4
42.0 1 5
55.0 1 6
105.0 1 7
24.0 4 8
10.0 1 9
90.0 1358 10
21.0 1 11
2.0 2 12
89.0 1 13
102.0 1 14
166.0 1 0
31.0 158 1
51.0 1 2
297.0 4 3
50.0 1 4
213.0 21 5
213.0 598 6
146.0 1 7
132.0 1 8
38.0 1 9
70.0 1 10
121.0 1 11
189.0 211 12
75.0 1 13
5.0 1 14
229.0 3 0
86.0 57444 1
24.0 1 2
48.0 125 3
92.0 1 4
84.0 1 5
2.0 2 6
71.0 288 7
48.0 7 8
269.0 156 9
28.0 1 10
357.0 3 11
16.0 1 12
88.0 1 13
71.0 3 14
32.0 1 0
102.0 1 1
157.0 1 2
126.0 1 3
123.0 6687 4
49.0 38598 5
14.0 1 6
10.0 3 7
83.0 1 8
225.0 2971 9
74.0 163 10
139.0 7 11
65.0 1 12
15.0 264 13
0.0 2 14
196.0 1 0
192.0 1 1
59.0 1 2
58.0 1 3
19.0 5 4
87.0 1 5
45.0 1 6
50.0 1 7
168.0 1 8
10.0 1 9
5.0 1 10
22.0 1 11
25.0 1 12
31.0 1 13
124.0 1 14
160.0 1 0
185.0 1 1
205.0 8 2
136.0 1 3
101.0 5 4
116.0 7 5
28.0 1 6
52.0 1 7
15.0 1 8
78.0 1 9
31.0 43982 10
168.0 3 11
184.0 123 12
36.0 376 13
159.0 1 14
59.0 4 0
61.0 6 1
65.0 1 2
92.0 1 3
77.0 1 4
130.0 7 5
323.0 1 6
32.0 7 7
40.0 1300 8
50.0 52 9
222.0 1 10
28.0 2 11
34.0 1 12
3.0 1 13
78.0 1 14
172.0 1 0
60.0 19 1
24.0 1 2
123.0 1 3
68.0 83922 4
128.0 1 5
28.0 1 6
11.0 1 7
5.0 1 8
38.0 1 9
373.0 1 10
532.0 1 11
56.0 1 12
22.0 1 13
114.0 1 14
33.0 1 0
74.0 2 1
91.0 435 2
48.0 1 3
74.0 331 4
80.0 1 5
8.0 3 6
305.0 4 7
30.0 8 8
121.0 4 9
136.0 1 10
135.0 1 11
163.0 4 12
35.0 513087 13
342.0 1 14
34.0 1 0
65.0 2 1
54.0 1 2
48.0 1595 3
53.0 9 4
134.0 1 5
24.0 1 6
26.0 261 7
23.0 8 8
75.0 238 9
117.0 3 10
11.0 303 11
60.0 1 12
197.0 1 13
63.0 1 14
143.0 1 0
99.0 1 1
48.0 1029 2
68.0 43156 3
61.0 4 4
1.0 1 5
185.0 1 6
225.0 279 7
111.0 67 8
31.0 2 9
53.0 1 10
5.0 2 11
7.0 1 12
3.0 1 13
4.0 1 14
93.0 179 0
52.0 3 1
188.0 1 2
136.0 1 3
5.0 1 4
30.0 1 5
191.0 3 6
64.0 2593 7
140.0 1289 8
20.0 2 9
295.0 1 10
162.0 1790 11
13.0 1 12
19.0 1 13
11.0 1 14
112.0 1 0
85.0 45 1
125.0 1 2
57.0 2 3
11.0 5 4
32.0 2 5
11.0 3 6
26.0 1 7
1.0 1 8
476.0 1 9
45.0 3 10
45.0 1 11
58.0 1 12
118.0 81 13
68.0 1 14
25.0 1406 0
55.0 332 1
25.0 1 2
42.0 1 3
123.0 3 4
12.0 2 5
12.0 456 6
83.0 1 7
67.0 1 8
203.0 1 9
30.0 1 10
196.0 1 11
4.0 2 12
62.0 1560 13
48.0 74859 14
62.0 5 0
210.0 33 1
81.0 5 2
35.0 1 3
173.0 1 4
103.0 3 5
114.0 1 6
313.0 1 7
34.0 2 8
40.0 3 9
62.0 3 10
8.0 2 11
54.0 1 12
66.0 7 13
36.0 1 14
83.0 124 0
62.0 48526 1
2.0 1 2
44.0 6 3
58.0 8 4
9.0 14 5
152.0 8 6
149.0 1 7
119.0 1 8
78.0 3 9
56.0 2 10
47.0 8 11
12.0 1 12
12.0 2 13
68.0 1 14
236.0 1 0
92.0 87 1
28.0 1 2
18.0 1 3
27.0 1 4
10.0 1 5
275.0 1 6
28.0 333 7
1.0 203 8
103.0 1 9
17.0 106 10
19.0 1548 11
210.0 4 12
28.0 1 13
86.0 1 14
81.0 3 0
109.0 1 1
11.0 1 2
52.0 1 3
115.0 1 4
21.0 1 5
83.0 1 6
113.0 1 7
289.0 1 8
63.0 1 9
29.0 9 10
133.0 4 11
44.0 1 12
158.0 3 13
11.0 1 14
82.0 1 0
264.0 7 1
7.0 9 2
165.0 7 3
187.0 1 4
117.0 1 5
4.0 1 6
15.0 1597 7
139.0 4 8
12.0 2 9
22.0 1 10
22.0 1 11
115.0 1 12
107.0 1 13
84.0 1 14
14.0 1 0
205.0 1 1
91.0 20062 2
12.0 1 3
91.0 1 4
108.0 1 5
121.0 2 6
568.0 2 7
283.0 1 8
12.0 1 9
39.0 1 10
303.0 8 11
178.0 1 12
144.0 313 13
29.0 2 14
68.0 1492 0
71.0 5 1
26.0 1 2
208.0 4 3
327.0 9 4
23.0 4 5
31.0 338 6
16.0 6 7
79.0 6 8
45.0 1 9
40.0 6 10
16.0 301 11
53.0 1 12
37.0 1 13
97.0 1 14
30.0 1 0
18.0 1 1
75.0 1 2
84.0 775408 3
152.0 1 4
36.0 1 5
143.0 1 6
80.0 1 7
8.0 1 8
120.0 5 9
10.0 3 10
135.0 1 11
33.0 17151 12
186.0 3 13
180.0 5 14
28.0 3 0
27.0 1 1
37.0 1 2
146.0 1 3
76.0 1 4
147.0 1 5
33.0 2 6
137.0 6 7
47.0 1559 8
13.0 1 9
18.0 1 10
66.0 1 11
304.0 3 12
92.0 1 13
1.0 1 14
8.0 1 0
50.0 5 1
132.0 3 2
24.0 1 3
20.0 1 4
21.0 2298 5
37.0 4 6
140.0 1 7
82.0 1 8
448.0 1 9
103.0 3 10
36.0 1 11
151.0 1 12
78.0 31 13
31.0 262 14
25.0 1 0
73.0 1 1
14.0 1 2
123.0 49 3
31.0 1 4
43.0 1 5
119.0 6 6
20.0 38513 7
44.0 1 8
222.0 117 9
19.0 1 10
0.0 2 11
11.0 1 12
7.0 1 13
85.0 1 14
65.0 1 0
11.0 1 1
84.0 1 2
24.0 1 3
106.0 1 4
18.0 1 5
156.0 117 6
1.0 1 7
16.0 1 8
87.0 1 9
87.0 1 10
18.0 5641 11
78.0 1 12
133.0 1 13
109.0 2739 14
24.0 124 0
64.0 1 1
50.0 1 2
3.0 1 3
41.0 2 4
12.0 1 5
245.0 1 6
1.0 2 7
106.0 2 8
29.0 1 9
145.0 42 10
79.0 8 11
76.0 6 12
29.0 1 13
8.0 70883 14
134.0 6 0
205.0 1 1
91.0 9 2
110.0 1 3
115.0 4 4
19.0 1 5
170.0 1 6
42.0 1 7
63.0 1 8
262.0 32040 9
52.0 1 10
77.0 1 11
15.0 1 12
19.0 2 13
155.0 1 14
16.0 2 0
49.0 2815 1
173.0 1 2
234.0 61388 3
41.0 3 4
25.0 291 5
108.0 5 6
12.0 1 7
378.0 9 8
11.0 3 9
65.0 118 10
72.0 1 11
65.0 1 12
38.0 9 13
97.0 1 14
55.0 1 0
63.0 1 1
184.0 2 2
9.0 1 3
29.0 4 4
191.0 3 5
26.0 1 6
9.0 1981 7
58.0 1 8
9.0 1 9
68.0 234 10
136.0 1 11
171.0 1808 12
11.0 6 13
79.0 1 14
50.0 2 0
3.0 93569 1
123.0 1 2
98.0 1 3
27.0 3 4
181.0 2193 5
143.0 369 6
59.0 1886 7
63.0 73993 8
6.0 211 9
42.0 7 10
123.0 1 11
54.0 1 12
22.0 1 13
92.0 4 14
0.0 2 0
41.0 1 1
50.0 1 2
88.0 1 3
1.0 2 4
118.0 230 5
14.0 1 6
125.0 1 7
40.0 1 8
66.0 1 9
26.0 59346 10
155.0 1 11
20.0 7 12
132.0 3 13
79.0 1 14
20.0 1 0
49.0 6 1
27.0 1 2
259.0 363 3
76.0 21 4
36.0 33907 5
5.0 4 6
12.0 4 7
58.0 901869 8
61.0 8 9
41.0 1 10
37.0 1 11
4.0 1 12
5.0 77 13
345.0 5 14
83.0 1 0
165.0 338 1
4.0 8 2
203.0 1 3
85.0 1 4
91.0 1 5
74.0 1 6
66.0 1 7
3.0 1 8
205.0 1 9
8.0 4 10
159.0 1 11
9.0 2571 12
65.0 38113 13
77.0 189 14
2.0 1 0
170.0 2 1
4.0 271 2
13.0 1 3
119.0 1 4
30.0 5 5
80.0 1 6
6.0 42 7
12.0 1 8
128.0 217 9
35.0 1 10
123.0 99771 11
90.0 1 12
34.0 2 13
128.0 198 14
76.0 1 0
2.0 88 1
122.0 41412 2
38.0 266 3
373.0 92032 4
426.0 1 5
145.0 1 6
3.0 1 7
103.0 5 8
9.0 1 9
5.0 7 10
38.0 94 11
26.0 2 12
29.0 8 13
64.0 1 14
192.0 1 0
43.0 1 1
0.0 1 2
39.0 9 3
45.0 1 4
18.0 1 5
439.0 8 6
267.0 1 7
87.0 3 8
339.0 5 9
34.0 148 10
149.0 352 11
86.0 1 12
18.0 145 13
99.0 2674 14
25.0 64 0
18.0 1 1
68.0 9 2
63.0 3 3
53.0 1 4
65.0 1 5
223.0 48 6
306.0 1 7
98.0 1 8
107.0 1 9
66.0 3 10
11.0 132 11
59.0 1 12
30.0 1 13
19.0 2 14
70.0 4 0
91.0 1 1
36.0 1 2
40.0 3 3
59.0 370 4
24.0 3 5
1.0 18607 6
76.0 59999 7
5.0 1 8
15.0 49 9
42.0 188 10
56.0 1 11
115.0 7 12
56.0 6 13
95.0 1 14
29.0 2 0
31.0 46314 1
55.0 1 2
44.0 1 3
54.0 1 4
90.0 177 5
178.0 1 6
228.0 4 7
117.0 1 8
50.0 1 9
17.0 321 10
155.0 2 11
69.0 245 12
9.0 1 13
58.0 40242 14
25.0 8 0
113.0 178 1
2.0 8 2
142.0 1 3
224.0 1 4
360.0 1 5
26.0 1 6
83.0 1 7
29.0 1 8
77.0 5 9
57.0 1 10
77.0 1 11
270.0 3 12
194.0 1 13
37.0 202 14
80.0 1 0
11.0 1 1
82.0 1 2
40.0 4 3
83.0 1 4
134.0 1 5
358.0 967 6
29.0 1 7
0.0 1 8
119.0 1 9
61.0 1 10
170.0 3 11
89.0 2 12
297.0 166 13
38.0 665 14
104.0 1 0
296.0 6 1
114.0 1 2
84.0 3 3
22.0 2 4
136.0 1 5
79.0 5 6
111.0 1 7
55.0 6 8
92.0 1 9
88.0 1 10
53.0 1 11
116.0 1 12
193.0 229 13
565.0 1 14
23.0 1 0
169.0 1 1
54.0 1 2
30.0 3 3
11.0 2 4
108.0 1 5
175.0 3 6
19.0 1 7
57.0 1 8
25.0 8 9
268.0 1 10
22.0 1 11
59.0 7 12
202.0 2 13
66.0 1 14
36.0 1 0
321.0 3 1
24.0 2 2
23.0 1 3
3.0 322 4
69.0 1 5
28.0 1 6
125.0 1 7
30.0 1 8
39.0 46296 9
164.0 1 10
5.0 1 11
20.0 1 12
51.0 5 13
51.0 4 14
126.0 1 0
144.0 4 1
14.0 77702 2
485.0 4 3
68.0 1 4
80.0 3 5
164.0 1 6
12.0 3779 7
28.0 1 8
297.0 1 9
206.0 1 10
93.0 28947 11
119.0 5 12
111.0 3 13
65.0 9 14
32.0 1 0
73.0 1 1
211.0 1 2
37.0 316 3
1.0 1 4
133.0 1 5
27.0 2 6
128.0 178 7
45.0 1 8
29.0 1 9
35.0 2 10
129.0 2 11
37.0 254 12
92.0 1 13
55.0 34344 14
4.0 1 0
19.0 2 1
7.0 1 2
14.0 1 3
1.0 133 4
8.0 1 5
33.0 1 6
30.0 90874 7
102.0 1 8
11.0 1 9
284.0 235 10
6.0 1 11
23.0 1 12
24.0 1 13
80.0 2777 14
54.0 1 0
116.0 5 1
149.0 1 2
152.0 2 3
57.0 399490 4
86.0 1 5
200.0 1 6
1.0 374 7
355.0 1 8
104.0 1 9
212.0 1 10
45.0 193 11
15.0 73908 12
109.0 51 13
15.0 1 14
46.0 5 0
22.0 1 1
89.0 1 2
17.0 6 3
82.0 1 4
45.0 839 5
201.0 3 6
2.0 1 7
78.0 1 8
1.0 1 9
119.0 385 10
119.0 1 11
14.0 1 12
89.0 1 13
90.0 1 14
47.0 1 0
105.0 671182 1
43.0 1 2
99.0 2 3
10.0 1 4
139.0 206 5
15.0 1 6
36.0 1 7
3.0 1 8
102.0 1 9
235.0 1 10
160.0 1 11
107.0 4 12
218.0 1 13
151.0 7 14
71.0 3 0
9.0 6 1
165.0 4 2
40.0 1 3
22.0 1 4
106.0 1 5
151.0 3 6
67.0 2 7
119.0 7 8
36.0 1 9
14.0 1 10
76.0 9 11
9.0 6 12
35.0 300 13
206.0 133317 14
0.0 8 0
14.0 98 1
18.0 642 2
130.0 493 3
117.0 8 4
212.0 29512 5
141.0 1 6
67.0 1 7
216.0 2 8
454.0 48146 9
4.0 353 10
22.0 1 11
8.0 1 12
226.0 33 13
310.0 1 14
28.0 1 0
77.0 1 1
72.0 1 2
234.0 6 3
49.0 1 4
2.0 1 5
208.0 1 6
27.0 1 7
77.0 1 8
44.0 1 9
257.0 3 10
82.0 3 11
17.0 326 12
169.0 8 13
153.0 1 14
97.0 1 0
28.0 670155 1
19.0 1 2
129.0 1 3
35.0 127 4
139.0 1 5
17.0 1 6
133.0 1 7
129.0 1 8
174.0 2 9
57.0 508 10
37.0 1 11
27.0 4 12
5.0 1 13
25.0 1 14
419.0 3 0
120.0 1 1
3.0 3 2
168.0 1 3
312.0 1 4
130.0 58 5
296.0 4 6
41.0 1 7
218.0 1 8
197.0 1 9
130.0 1 10
54.0 1 11
1.0 46 12
12.0 3 13
69.0 1 14
157.0 1 0
6.0 1 1
35.0 1 2
83.0 2 3
2.0 1 4
33.0 1 5
78.0 1 6
66.0 1 7
251.0 1 8
227.0 8 9
17.0 3 10
267.0 8 11
163.0 5 12
78.0 1 13
16.0 4 14
9.0 242 0
138.0 1 1
6.0 1 2
293.0 1 3
44.0 77 4
136.0 1 5
80.0 1 6
45.0 1 7
20.0 3 8
30.0 1 9
46.0 2 10
343.0 1 11
20.0 379553 12
22.0 196 13
15.0 1 14
236.0 1 0
221.0 1 1
17.0 1 2
16.0 1 3
1.0 8 4
4.0 1 5
199.0 6 6
89.0 9 7
219.0 1 8
14.0 1 9
121.0 1 10
182.0 1 11
24.0 155 12
19.0 1 13
9.0 1 14
80.0 1 0
60.0 71830 1
150.0 5 2
37.0 1 3
124.0 342 4
31.0 7 5
82.0 1 6
3.0 2 7
64.0 7 8
92.0 2 9
46.0 1 10
97.0 1 11
190.0 1 12
15.0 59659 13
94.0 1 14
165.0 3 0
117.0 1 1
364.0 1 2
240.0 1 3
185.0 263 4
20.0 4 5
35.0 8 6
15.0 242 7
12.0 1 8
20.0 52719 9
176.0 1 10
106.0 1 11
40.0 206 12
64.0 8 13
137.0 1 14
44.0 154 0
113.0 5 1
60.0 1 2
35.0 154 3
52.0 4 4
139.0 2 5
370.0 3 6
42.0 1 7
57.0 1 8
14.0 83425 9
42.0 3 10
154.0 2 11
8.0 1 12
95.0 1 13
32.0 1 14
27.0 1 0
213.0 1 1
73.0 1840 2
117.0 88440 3
6.0 1 4
0.0 1 5
16.0 843 6
2.0 1 7
82.0 1 8
332.0 1 9
49.0 1 10
19.0 1 11
41.0 1 12
14.0 1 13
305.0 1 14
11.0 1 0
184.0 18702 1
14.0 1 2
177.0 1 3
221.0 3 4
96.0 7 5
204.0 36429 6
263.0 355 7
91.0 8 8
135.0 30936 9
32.0 1 10
336.0 2 11
25.0 45 12
110.0 4 13
74.0 1 14
59.0 1 0
29.0 1 1
7.0 196 2
61.0 2 3
130.0 1 4
122.0 1 5
9.0 4 6
213.0 1 7
219.0 1 8
39.0 1 9
266.0 4 10
469.0 3 11
61.0 1 12
13.0 19155 13
19.0 6 14
156.0 3 0
341.0 1 1
19.0 301 2
26.0 3 3
12.0 126 4
112.0 1 5
99.0 3 6
19.0 2 7
152.0 1 8
17.0 2 9
63.0 1 10
3.0 1 11
12.0 1 12
49.0 3 13
47.0 958 14
20.0 3 0
24.0 1 1
71.0 1 2
35.0 1 3
322.0 1 4
127.0 2030 5
18.0 6 6
46.0 1 7
15.0 4 8
387.0 1 9
67.0 75 10
75.0 1 11
70.0 1 12
10.0 1 13
54.0 1 14
141.0 1 0
172.0 2 1
76.0 3 2
32.0 3 3
153.0 1 4
108.0 307 5
47.0 1 6
62.0 1 7
103.0 9 8
47.0 6 9
607.0 1200 10
158.0 1 11
314.0 1 12
56.0 6 13
5.0 1 14
189.0 3 0
67.0 1 1
149.0 1 2
69.0 1 3
130.0 1 4
10.0 1 5
69.0 3 6
42.0 57 7
50.0 1 8
199.0 1 9
46.0 1 10
39.0 1 11
72.0 1 12
26.0 1 13
217.0 7 14
7.0 42 0
99.0 1 1
44.0 1 2
45.0 1 3
272.0 119 4
88.0 1 5
30.0 1 6
30.0 1 7
26.0 3 8
28.0 1 9
66.0 1 10
218.0 1 11
14.0 298 12
72.0 256 13
21.0 1 14
1.0 1 0
12.0 2 1
2.0 1 2
206.0 1 3
121.0 2 4
38.0 7 5
219.0 142 6
171.0 6 7
2.0 1 8
46.0 1380 9
137.0 2 10
73.0 1 11
18.0 5 12
252.0 2 13
105.0 156745 14
171.0 1 0
189.0 1 1
172.0 1 2
40.0 1023 3
224.0 73 4
192.0 1 5
395.0 1318 6
5.0 5 7
69.0 1 8
237.0 1 9
2.0 3 10
189.0 1 11
45.0 1 12
42.0 1 13
115.0 251 14
38.0 1 0
1.0 1 1
137.0 1 2
15.0 2 3
23.0 1 4
26.0 2 5
28.0 1 6
132.0 9 7
103.0 2 8
35.0 3 9
212.0 1 10
82.0 1 11
100.0 1 12
107.0 203 13
182.0 6 14
41.0 1 0
126.0 8 1
78.0 3 2
2.0 4 3
125.0 1 4
7.0 1 5
10.0 8 6
76.0 1 7
86.0 1 8
2.0 1 9
6.0 1 10
195.0 5 11
292.0 47274 12
45.0 1 13
70.0 1 14
212.0 1 0
98.0 3 1
89.0 1 2
13.0 8 3
181.0 234 4
126.0 1 5
0.0 1 6
47.0 1 7
28.0 1 8
48.0 1 9
29.0 2 10
45.0 1 11
74.0 1 12
107.0 2 13
191.0 5 14
300.0 1 0
70.0 1 1
27.0 1 2
197.0 110 3
15.0 1 4
240.0 54964 5
8.0 225 6
93.0 1 7
11.0 2 8
54.0 2 9
148.0 1 10
29.0 9 11
23.0 1 12
90.0 1 13
28.0 1 14
130.0 1 0
13.0 639 1
100.0 1 2
53.0 1 3
72.0 3 4
498.0 111 5
60.0 5 6
54.0 1 7
33.0 2 8
83.0 6 9
105.0 1 10
355.0 1 11
10.0 53 12
8.0 1 13
98.0 2 14
18.0 4 0
91.0 1126 1
10.0 1 2
257.0 1 3
76.0 2 4
41.0 1 5
121.0 148 6
112.0 337 7
26.0 4 8
60.0 293 9
122.0 1 10
7.0 1 11
211.0 3 12
4.0 1 13
262.0 1 14
48.0 1 0
36.0 4 1
60.0 1 2
18.0 1 3
209.0 1 4
27.0 8 5
2.0 388337 6
111.0 1 7
344.0 1 8
84.0 1 9
27.0 160 10
161.0 1 11
70.0 1 12
117.0 1 13
93.0 1322 14
60.0 1 0
18.0 2 1
5.0 1 2
76.0 1 3
22.0 3 4
122.0 1 5
289.0 1 6
20.0 1 7
29.0 8 8
36.0 270466 9
194.0 1 10
31.0 3 11
382.0 1 12
134.0 9 13
8.0 1 14
57.0 1 0
145.0 1 1
51.0 1295 2
27.0 1 3
98.0 85375 4
50.0 1 5
50.0 12286 6
98.0 1 7
12.0 1 8
46.0 1 9
46.0 262 10
33.0 2 11
4.0 1 12
102.0 1 13
25.0 348 14
108.0 1 0
73.0 1 1
90.0 1 2
13.0 3 3
43.0 1 4
206.0 1 5
36.0 1 6
50.0 1 7
15.0 800405 8
7.0 6 9
4.0 2 10
12.0 6 11
18.0 3 12
454.0 1 13
43.0 1 14
42.0 2 0
21.0 167 1
30.0 353 2
135.0 1 3
58.0 3 4
348.0 1 5
29.0 1 6
45.0 77 7
52.0 12603 8
76.0 254 9
16.0 1 10
195.0 51 11
186.0 2 12
9.0 1 13
25.0 1 14
106.0 1 0
64.0 180 1
176.0 1 2
127.0 1 3
3.0 8 4
20.0 1574 5
24.0 1 6
12.0 5 7
73.0 1 8
165.0 1 9
24.0 1 10
44.0 91967 11
96.0 9 12
22.0 2 13
114.0 1 14
211.0 848863 0
243.0 4 1
49.0 1 2
33.0 232 3
200.0 1 4
67.0 1 5
11.0 1023 6
0.0 149 7
12.0 1 8
17.0 1 9
75.0 1 10
9.0 4 11
208.0 2296 12
55.0 1 13
50.0 9 14
179.0 1 0
4.0 207 1
159.0 1 2
234.0 3 3
154.0 4 4
45.0 1 5
184.0 4 6
90.0 1 7
33.0 1 8
23.0 1250 9
50.0 7 10
2.0 57196 11
349.0 1 12
82.0 1 13
37.0 8 14
152.0 1 0
42.0 2 1
152.0 3 2
20.0 1 3
9.0 1 4
113.0 121 5
96.0 1 6
18.0 3 7
96.0 1 8
100.0 2 9
316.0 225 10
234.0 1 11
18.0 855 12
60.0 3 13
17.0 1 14
39.0 1 0
8.0 1 1
101.0 1 2
205.0 1 3
4.0 6 4
23.0 1 5
104.0 1 6
152.0 186731 7
45.0 1 8
8.0 1 9
179.0 2 10
137.0 7 11
89.0 1 12
17.0 2960 13
46.0 3 14
11.0 1 0
57.0 1 1
39.0 1 2
99.0 1 3
147.0 2 4
29.0 3 5
146.0 8 6
124.0 3 7
1.0 1 8
11.0 100 9
217.0 1 10
23.0 701 11
35.0 1 12
31.0 33357 13
171.0 2 14
12.0 3 0
29.0 25 1
45.0 1 2
140.0 1 3
42.0 1 4
4.0 7 5
51.0 1 6
212.0 1 7
215.0 1 8
18.0 1 9
58.0 1 10
136.0 9 11
51.0 8 12
27.0 1 13
229.0 3 14
7.0 1 0
128.0 1 1
39.0 1 2
6.0 1 3
12.0 1 4
150.0 1 5
19.0 73742 6
17.0 130 7
106.0 3 8
57.0 1 9
342.0 68 10
57.0 8 11
175.0 9 12
53.0 11 13
38.0 1 14
47.0 1 0
118.0 7 1
35.0 2 2
84.0 1 3
221.0 1 4
76.0 4 5
128.0 1 6
15.0 88 7
130.0 1 8
95.0 1 9
198.0 1 10
170.0 3 11
94.0 80959 12
19.0 2 13
3.0 1 14
285.0 1 0
127.0 2375 1
15.0 1 2
24.0 1 3
28.0 258 4
5.0 1 5
77.0 1 6
27.0 1 7
59.0 3 8
75.0 1 9
274.0 1 10
30.0 1 11
109.0 4 12
144.0 9 13
86.0 2 14
96.0 1 0
127.0 2 1
44.0 1 2
26.0 24 3
63.0 5 4
49.0 1 5
9.0 2450 6
5.0 1 7
85.0 8 8
40.0 1 9
144.0 77 10
52.0 1 11
105.0 48753 12
220.0 1 13
116.0 2 14
76.0 2 0
88.0 1 1
320.0 2 2
32.0 243 3
117.0 3 4
68.0 1 5
227.0 453 6
92.0 1 7
51.0 2 8
16.0 1 9
44.0 3 10
109.0 163 11
78.0 6 12
189.0 1 13
121.0 1 14
86.0 1945 0
61.0 91 1
66.0 1 2
46.0 1 3
54.0 1 4
47.0 1 5
44.0 1 6
175.0 162972 7
26.0 2 8
28.0 1 9
14.0 1 10
100.0 1 11
88.0 1 12
123.0 2352 13
5.0 1 14
18.0 4 0
285.0 9 1
36.0 1 2
51.0 4 3
55.0 7 4
49.0 47553 5
100.0 1 6
375.0 327 7
344.0 8594 8
129.0 1 9
40.0 1 10
286.0 5 11
43.0 2531 12
8.0 376 13
165.0 1 14
20.0 1 0
18.0 1 1
25.0 1 2
9.0 3 3
14.0 1 4
137.0 285 5
34.0 1 6
50.0 1 7
141.0 364 8
43.0 3 9
23.0 2950 10
58.0 1 11
153.0 117 12
21.0 5 13
164.0 202 14
234.0 7 0
42.0 1 1
38.0 3 2
68.0 2078 3
26.0 798330 4
62.0 4 5
62.0 1 6
14.0 2 7
84.0 1 8
1.0 1 9
169.0 1 10
19.0 4 11
16.0 1 12
11.0 150 13
4.0 1 14
46.0 3 0
24.0 1 1
236.0 1 2
149.0 6 3
164.0 1 4
296.0 1 5
57.0 1 6
98.0 1 7
77.0 2497 8
83.0 8 9
197.0 1 10
199.0 1 11
105.0 1 12
23.0 16421 13
178.0 1 14
184.0 3 0
47.0 1 1
60.0 123 2
31.0 1 3
176.0 45 4
26.0 183 5
53.0 1 6
17.0 1 7
29.0 3 8
169.0 1 9
44.0 1 10
80.0 1 11
132.0 1 12
184.0 1 13
8.0 1 14
89.0 1 0
181.0 1 1
63.0 2 2
91.0 78 3
54.0 1 4
205.0 1 5
22.0 1 6
10.0 1 7
179.0 1 8
19.0 3 9
35.0 2036 10
23.0 5 11
60.0 1 12
122.0 3 13
176.0 1 14
17.0 2757 0
4.0 1 1
31.0 1 2
43.0 2517 3
44.0 64662 4
14.0 1 5
8.0 1 6
132.0 9 7
76.0 3 8
77.0 223 9
25.0 2 10
57.0 1 11
86.0 6 12
38.0 1 13
78.0 2 14
252.0 76 0
200.0 27294 1
16.0 848 2
136.0 1 3
71.0 1 4
39.0 1 5
28.0 1 6
58.0 1 7
35.0 3 8
184.0 1 9
14.0 262 10
33.0 7 11
60.0 1 12
10.0 2 13
445.0 8 14
90.0 9 0
9.0 1 1
87.0 73470 2
26.0 3 3
71.0 2 4
4.0 1 5
72.0 2 6
34.0 2 7
204.0 197 8
71.0 1615 9
109.0 1 10
67.0 1 11
186.0 1 12
12.0 11063 13
151.0 1 14
31.0 1 0
181.0 1 1
102.0 3 2
139.0 2070 3
37.0 1 4
220.0 1 5
200.0 1 6
62.0 1 7
62.0 4 8
211.0 1 9
30.0 39122 10
60.0 1 11
72.0 1 12
24.0 1040 13
5.0 8 14
528.0 1 0
99.0 315 1
27.0 4 2
97.0 3 3
28.0 2 4
4.0 1 5
57.0 1 6
2.0 3 7
85.0 86 8
104.0 1 9
84.0 1 10
133.0 63 11
137.0 1 12
219.0 7 13
2.0 4 14
11.0 1 0
224.0 3 1
174.0 36403 2
6.0 2 3
41.0 1 4
17.0 1 5
21.0 1 6
18.0 1 7
248.0 3 8
4.0 1 9
23.0 1 10
52.0 7 11
305.0 1 12
28.0 1163 13
114.0 3 14
3.0 1 0
123.0 1 1
100.0 1 2
17.0 468 3
101.0 11228 4
54.0 1 5
72.0 1 6
133.0 1 7
57.0 1 8
7.0 1 9
195.0 52612 10
12.0 2389 11
93.0 1 12
24.0 1 13
73.0 1 14
234.0 1 0
22.0 1 1
171.0 1 2
173.0 1 3
25.0 1 4
334.0 44340 5
2.0 244 6
113.0 1 7
12.0 4 8
45.0 2 9
9.0 2345 10
64.0 8 11
62.0 1 12
83.0 1 13
2.0 1 14
125.0 7 0
178.0 4 1
9.0 1701 2
14.0 6 3
52.0 1 4
263.0 1 5
12.0 1 6
93.0 1 7
79.0 1 8
112.0 1 9
27.0 2 10
95.0 1 11
94.0 1 12
38.0 3 13
39.0 74086 14
20.0 6 0
368.0 2 1
372.0 1 2
184.0 307 3
138.0 1 4
51.0 6 5
50.0 1 6
76.0 1 7
14.0 1 8
70.0 1 9
11.0 325 10
2.0 1 11
144.0 1 12
40.0 91272 13
140.0 1 14
212.0 3 0
24.0 216 1
26.0 1 2
248.0 195 3
2.0 1 4
60.0 1 5
44.0 1 6
90.0 1 7
91.0 8 8
212.0 1 9
42.0 3 10
117.0 3 11
12.0 3 12
25.0 1 13
213.0 1 14
128.0 1 0
88.0 2 1
95.0 1249 2
30.0 1 3
0.0 1 4
102.0 1 5
101.0 16145 6
8.0 1 7
162.0 1 8
34.0 1 9
12.0 1 10
40.0 5 11
44.0 1 12
447.0 2 13
161.0 1 14
102.0 1 0
45.0 2 1
145.0 4 2
249.0 6 3
106.0 26155 4
4.0 4 5
167.0 1 6
91.0 133 7
91.0 1 8
149.0 318 9
85.0 1 10
51.0 1 11
28.0 421968 12
55.0 1 13
4.0 59122 14
7.0 8 0
8.0 1 1
37.0 1 2
8.0 1 3
68.0 1 4
19.0 1 5
18.0 1 6
232.0 1 7
25.0 1 8
66.0 1 9
78.0 1 10
30.0 7 11
133.0 329 12
336.0 3 13
4.0 1 14
13.0 1 0
29.0 1 1
229.0 1 2
75.0 40 3
110.0 164 4
88.0 1 5
150.0 7 6
34.0 1 7
61.0 3 8
252.0 1 9
117.0 215 10
26.0 1 11
4.0 1 12
101.0 257 13
104.0 1 14
136.0 1 0
55.0 325 1
107.0 5 2
62.0 78 3
80.0 1 4
30.0 294 5
138.0 3 6
10.0 97 7
2.0 1 8
337.0 1 9
52.0 2172 10
202.0 1 11
71.0 4 12
138.0 1 13
62.0 1124 14
62.0 1 0
10.0 1 1
54.0 341 2
48.0 1 3
95.0 8 4
51.0 4 5
325.0 1 6
39.0 5 7
28.0 4 8
58.0 1 9
75.0 1 10
95.0 1 11
224.0 4 12
175.0 1 13
14.0 6 14
25.0 815 0
106.0 32099 1
18.0 1 2
14.0 3 3
43.0 1 4
48.0 1 5
13.0 348 6
123.0 1 7
52.0 1 8
229.0 1 9
29.0 1 10
28.0 5 11
97.0 2 12
14.0 1 13
45.0 3 14
29.0 1 0
129.0 1 1
97.0 1 2
14.0 4 3
10.0 2 4
205.0 1 5
45.0 1 6
181.0 1 7
422.0 39 8
21.0 1 9
10.0 9 10
40.0 33 11
169.0 1 12
34.0 1 13
63.0 2837 14
35.0 1 0
45.0 1 1
3.0 13718 2
14.0 1 3
81.0 1 4
9.0 1 5
229.0 1 6
107.0 1 7
3.0 1 8
226.0 337 9
132.0 4 10
127.0 1 11
61.0 3 12
30.0 1 13
41.0 1 14
17.0 1 0
61.0 1 1
190.0 292 2
132.0 1 3
256.0 1 4
20.0 1 5
35.0 216 6
205.0 1 7
402.0 279 8
66.0 3 9
41.0 1 10
13.0 1 11
69.0 1 12
240.0 1 13
147.0 1 14
14.0 1 0
185.0 320 1
28.0 2 2
3.0 277 3
90.0 1 4
50.0 1 5
31.0 1 6
52.0 1 7
62.0 1 8
40.0 1 9
5.0 1 10
134.0 1 11
83.0 1 12
140.0 1 13
203.0 1103 14
18.0 327 0
480.0 1276 1
2.0 1722 2
33.0 43374 3
95.0 13 4
72.0 2 5
6.0 1 6
54.0 1 7
25.0 1 8
187.0 1 9
203.0 3 10
106.0 391 11
41.0 1 12
100.0 1 13
40.0 1 14
163.0 50 0
171.0 62107 1
13.0 76 2
355.0 1 3
40.0 46869 4
86.0 1 5
38.0 3 6
233.0 1 7
31.0 2 8
9.0 89515 9
27.0 18 10
138.0 1 11
32.0 1 12
158.0 1 13
8.0 2 14
2.0 1 0
38.0 1 1
10.0 1 2
53.0 1 3
32.0 1 4
191.0 3 5
26.0 51 6
134.0 83 7
101.0 8 8
36.0 1 9
62.0 1 10
49.0 3 11
109.0 161474 12
164.0 1 13
15.0 1 14
58.0 1 0
20.0 249 1
61.0 1 2
172.0 3 3
258.0 7 4
45.0 1 5
116.0 2 6
591.0 1 7
62.0 256 8
100.0 1 9
61.0 4 10
65.0 1 11
16.0 4 12
36.0 4 13
234.0 206 14
125.0 356 0
320.0 9 1
89.0 1 2
74.0 4 3
20.0 1 4
81.0 1 5
144.0 5 6
40.0 2 7
73.0 1 8
306.0 1 9
68.0 1 10
104.0 347 11
140.0 9 12
52.0 1 13
36.0 1 14
54.0 1 0
71.0 1 1
103.0 1 2
101.0 2 3
30.0 1 4
9.0 1 5
23.0 1 6
16.0 3 7
34.0 2276 8
153.0 1920 9
84.0 1840 10
65.0 1 11
118.0 1 12
15.0 9 13
107.0 3 14
35.0 1 0
71.0 38237 1
23.0 3 2
36.0 1 3
15.0 5 4
53.0 1 5
114.0 43143 6
39.0 5 7
526.0 1 8
109.0 251 9
3.0 3 10
6.0 86537 11
72.0 22 12
94.0 325 13
506.0 1 14
139.0 1 0
158.0 1 1
110.0 1 2
71.0 2 3
65.0 1 4
39.0 1 5
219.0 1 6
127.0 1 7
302.0 2 8
160.0 1 9
1.0 635 10
31.0 1 11
147.0 5 12
35.0 1 13
125.0 1 14
18.0 1 0
16.0 1 1
73.0 3 2
66.0 4 3
52.0 1 4
13.0 1 5
38.0 1 6
115.0 4 7
65.0 1 8
6.0 7 9
11.0 1 10
35.0 1 11
41.0 2 12
13.0 1 13
13.0 2 14
61.0 1 0
52.0 232 1
15.0 1 2
136.0 2 3
22.0 1 4
121.0 1 5
14.0 1 6
344.0 321 7
19.0 1 8
115.0 1 9
70.0 1 10
42.0 1 11
99.0 1 12
57.0 4 13
64.0 1 14
123.0 4 0
26.0 8 1
26.0 2 2
38.0 364184 3
13.0 1 4
7.0 23706 5
97.0 1 6
75.0 114 7
119.0 1 8
20.0 1 9
62.0 4 10
121.0 1 11
71.0 1 12
130.0 1 13
26.0 1 14
40.0 128 0
101.0 1 1
74.0 1 2
62.0 5 3
142.0 1 4
41.0 1 5
86.0 1 6
63.0 1 7
112.0 1 8
147.0 1 9
100.0 1 10
166.0 1 11
265.0 4 12
2.0 1 13
79.0 1 14
19.0 7 0
83.0 1 1
226.0 1 2
1.0 1516 3
272.0 1 4
14.0 4585 5
180.0 2 6
5.0 226 7
12.0 1 8
66.0 1 9
82.0 166 10
57.0 1 11
13.0 1 12
101.0 4 13
33.0 1 14
17.0 3 0
10.0 1 1
16.0 2733 2
96.0 3 3
55.0 1 4
30.0 1 5
85.0 2 6
91.0 1766 7
5.0 1 8
50.0 2 9
221.0 1 10
30.0 1 11
74.0 1 12
7.0 2 13
89.0 4 14
2.0 1 0
48.0 4 1
68.0 1 2
81.0 1 3
86.0 1 4
4.0 1 5
69.0 2 6
159.0 1 7
359.0 1 8
257.0 1 9
340.0 1 10
101.0 1 11
102.0 1 12
127.0 6 13
26.0 1 14
42.0 1 0
81.0 3 1
84.0 1 2
88.0 1 3
5.0 225 4
138.0 4 5
76.0 1 6
206.0 1 7
21.0 1 8
50.0 1 9
64.0 1 10
24.0 1067 11
221.0 1 12
167.0 8 13
196.0 1 14
18.0 45 0
414.0 8 1
79.0 1470 2
55.0 361 3
407.0 1 4
4.0 1 5
134.0 1178 6
1.0 82701 7
20.0 87113 8
4.0 1 9
141.0 1 10
89.0 196 11
48.0 3 12
83.0 1 13
15.0 654 14
14.0 1 0
137.0 1 1
4.0 6 2
349.0 1 3
19.0 742089 4
137.0 1 5
48.0 1 6
101.0 1 7
88.0 2 8
51.0 3 9
45.0 7 10
35.0 4 11
195.0 6 12
332.0 1 13
98.0 1 14
16.0 1 0
18.0 3 1
33.0 3 2
160.0 155 3
6.0 3 4
108.0 5 5
51.0 1 6
39.0 1 7
64.0 3 8
82.0 93 9
14.0 2 10
143.0 2 11
239.0 6 12
220.0 359 13
61.0 1 14
231.0 1 0
9.0 7 1
8.0 366 2
32.0 1 3
92.0 1 4
54.0 1 5
19.0 7 6
101.0 37970 7
42.0 1 8
107.0 1 9
26.0 890 10
75.0 1 11
51.0 124 12
20.0 1 13
30.0 1 14
21.0 1 0
126.0 2 1
1.0 1 2
30.0 1 3
381.0 1 4
44.0 1 5
1.0 1 6
54.0 1509 7
355.0 1 8
44.0 223 9
136.0 1 10
38.0 1 11
0.0 2888 12
111.0 1 13
58.0 2 14
73.0 2 0
21.0 251 1
119.0 1 2
143.0 66781 3
133.0 8 4
140.0 1 5
25.0 71 6
57.0 48 7
24.0 1 8
27.0 1 9
237.0 5 10
11.0 3 11
24.0 1 12
44.0 1796 13
184.0 1 14
12.0 1 0
25.0 1 1
156.0 1 2
31.0 1 3
33.0 1 4
13.0 1 5
83.0 4 6
28.0 1 7
62.0 8 8
67.0 1 9
24.0 2258 10
222.0 4 11
28.0 1 12
121.0 1 13
279.0 1 14
19.0 233 0
53.0 312 1
0.0 1 2
28.0 1 3
12.0 1 4
87.0 2 5
13.0 1 6
93.0 1949 7
167.0 3 8
3.0 4 9
115.0 1 10
127.0 3 11
130.0 272 12
41.0 953 13
130.0 119 14
65.0 1 0
42.0 8 1
94.0 1 2
31.0 2 3
193.0 332 4
83.0 178 5
54.0 9 6
75.0 2 7
45.0 9 8
67.0 347 9
46.0 1 10
73.0 7 11
249.0 1 12
53.0 1 13
18.0 3 14
12.0 1 0
52.0 1416 1
56.0 9 2
43.0 1 3
15.0 1 4
51.0 1 5
25.0 4 6
30.0 2 7
26.0 1 8
46.0 46278 9
59.0 6 10
36.0 8 11
65.0 1 12
29.0 1 13
17.0 1 14
201.0 22 0
225.0 31682 1
40.0 1 2
95.0 1 3
60.0 27 4
83.0 1 5
162.0 238 6
113.0 1 7
199.0 1 8
97.0 1 9
54.0 1 10
26.0 1 11
12.0 4 12
293.0 1356 13
50.0 3 14
250.0 286170 0
186.0 1 1
2.0 1 2
28.0 1 3
13.0 177 4
45.0 1 5
91.0 225 6
74.0 1 7
38.0 1 8
20.0 1 9
38.0 2552 10
70.0 1 11
2.0 1 12
75.0 1 13
83.0 1 14
66.0 1 0
18.0 1 1
8.0 2 2
23.0 388 3
4.0 787235 4
26.0 92 5
142.0 370345 6
65.0 1 7
143.0 1 8
6.0 1 9
63.0 1 10
210.0 3 11
22.0 2 12
111.0 5 13
32.0 1 14
12.0 1 0
125.0 2 1
32.0 6 2
302.0 8 3
16.0 5 4
106.0 353 5
39.0 2 6
42.0 4464 7
11.0 1 8
5.0 4 9
314.0 1 10
8.0 1 11
89.0 1 12
23.0 1 13
24.0 1935 14
225.0 1 0
113.0 1 1
249.0 4 2
171.0 1 3
8.0 1 4
30.0 1 5
91.0 21 6
182.0 1 7
36.0 105 8
64.0 1 9
124.0 1 10
37.0 7 11
34.0 5 12
116.0 1 13
490.0 1 14
75.0 38 0
51.0 1 1
178.0 2 2
56.0 1 3
108.0 6 4
32.0 1315 5
207.0 1 6
140.0 171 7
17.0 2 8
312.0 1 9
91.0 8 10
47.0 1 11
23.0 5 12
195.0 789 13
23.0 9 14
47.0 4 0
50.0 1 1
72.0 2 2
28.0 147 3
306.0 1 4
217.0 1 5
167.0 352 6
5.0 2 7
68.0 1 8
175.0 1 9
16.0 1 10
42.0 1 11
10.0 1556 12
386.0 2 13
102.0 1 14
26.0 1 0
283.0 69514 1
12.0 1 2
47.0 1 3
162.0 4 4
114.0 1 5
131.0 199 6
4.0 2 7
23.0 523 8
161.0 1 9
32.0 1 10
20.0 1 11
63.0 3 12
17.0 2 13
64.0 38 14
48.0 227 0
1.0 1 1
91.0 1 2
208.0 1 3
130.0 1 4
13.0 6 5
30.0 2 6
167.0 3 7
76.0 1 8
186.0 1 9
70.0 1 10
70.0 4 11
11.0 1 12
8.0 1 13
23.0 1 14
36.0 1 0
47.0 1 1
31.0 7 2
89.0 2 3
232.0 1 4
81.0 1 5
55.0 1 6
117.0 1 7
15.0 1 8
30.0 1 9
27.0 1 10
172.0 5 11
23.0 1 12
179.0 2 13
21.0 26 14
11.0 1 0
12.0 7 1
22.0 4 2
105.0 6 3
2.0 4 4
96.0 1 5
401.0 1 6
383.0 1 7
147.0 1 8
26.0 2 9
14.0 1 10
4.0 1 11
15.0 1 12
14.0 2 13
21.0 2 14
146.0 1 0
105.0 1 1
156.0 7 2
11.0 202 3
39.0 1 4
49.0 1 5
114.0 92261 6
82.0 1026 7
12.0 691141 8
1.0 1 9
2.0 1 10
134.0 1 11
21.0 1 12
104.0 4 13
1.0 6 14
27.0 2 0
161.0 1 1
13.0 1 2
7.0 8 3
94.0 1 4
101.0 9 5
27.0 1 6
14.0 1 7
29.0 1 8
4.0 1 9
37.0 2602 10
687.0 204 11
115.0 8 12
131.0 1 13
200.0 3 14
57.0 1 0
2.0 1 1
33.0 4 2
44.0 1 3
68.0 1 4
3.0 1 5
32.0 1 6
183.0 7 7
109.0 43416 8
47.0 1 9
47.0 1 10
107.0 433 11
41.0 3 12
114.0 2 13
143.0 1 14
56.0 1 0
40.0 1 1
83.0 447854 2
43.0 6 3
1.0 1 4
48.0 5 5
90.0 91372 6
164.0 1 7
269.0 6 8
16.0 1 9
72.0 1 10
13.0 349 11
93.0 7 12
74.0 4 13
149.0 1 14
604.0 1 0
37.0 1 1
8.0 92 2
77.0 1 3
72.0 6 4
40.0 1 5
155.0 802 6
249.0 1 7
44.0 3 8
0.0 2 9
102.0 4 10
112.0 1768 11
159.0 1 12
16.0 1 13
90.0 3 14
91.0 181 0
90.0 3 1
52.0 1 2
124.0 1 3
2.0 1 4
14.0 1 5
12.0 1 6
93.0 2 7
7.0 1 8
12.0 8 9
109.0 1 10
109.0 1 11
18.0 2640 12
4.0 1 13
11.0 1 14
50.0 2 0
96.0 1 1
148.0 1 2
120.0 3 3
4.0 9 4
122.0 6 5
228.0 8 6
23.0 1 7
27.0 3 8
38.0 255 9
265.0 1 10
6.0 3 11
137.0 1 12
20.0 1 13
38.0 1 14
170.0 4 0
13.0 286 1
78.0 1 2
131.0 65000 3
4.0 1 4
87.0 1 5
79.0 9 6
74.0 3 7
119.0 2 8
108.0 1 9
53.0 1 10
74.0 65 11
72.0 8 12
25.0 1 13
43.0 62703 14
3.0 5 0
330.0 264 1
157.0 8 2
23.0 20 3
33.0 1 4
44.0 4 5
17.0 1 6
6.0 1 7
16.0 2 8
244.0 1 9
43.0 1 10
238.0 1 11
7.0 1 12
77.0 2 13
32.0 1 14
77.0 8 0
32.0 1 1
90.0 375 2
12.0 2 3
77.0 2 4
61.0 1 5
35.0 1 6
77.0 1 7
185.0 6 8
61.0 1 9
11.0 1 10
114.0 98 11
36.0 1940 12
135.0 9 13
51.0 3 14
93.0 1 0
66.0 1 1
47.0 1 2
45.0 1 3
28.0 1 4
86.0 1168 5
71.0 56090 6
414.0 26280 7
4.0 1 8
28.0 2 9
40.0 1 10
78.0 1 11
7.0 1 12
61.0 3 13
75.0 1312 14
7.0 1 0
39.0 1 1
245.0 1238 2
58.0 1 3
13.0 3 4
28.0 1856 5
79.0 1 6
34.0 4 7
130.0 1 8
6.0 1 9
80.0 3 10
31.0 1 11
15.0 1 12
61.0 1 13
69.0 1 14
57.0 52266 0
2.0 2 1
8.0 1 2
166.0 62290 3
35.0 1 4
41.0 2609 5
23.0 1 6
14.0 1 7
31.0 1 8
216.0 2 9
138.0 1 10
166.0 129 11
15.0 1 12
8.0 9 13
135.0 7 14
160.0 1 0
43.0 2 1
67.0 1311 2
12.0 1 3
121.0 1 4
68.0 33 5
52.0 3 6
61.0 1 7
36.0 1 8
161.0 1 9
88.0 1 10
92.0 199 11
219.0 1 12
32.0 1 13
105.0 25247 14
168.0 273 0
29.0 152 1
54.0 571084 2
6.0 1 3
20.0 5 4
58.0 1 5
57.0 1 6
194.0 1 7
28.0 1 8
120.0 2 9
117.0 1 10
32.0 1 11
19.0 1 12
103.0 2 13
88.0 1995 14
27.0 1 0
5.0 9 1
9.0 1 2
117.0 543636 3
42.0 1 4
12.0 2 5
37.0 1 6
4.0 77387 7
375.0 2 8
58.0 1 9
102.0 4 10
78.0 1 11
152.0 1 12
49.0 46 13
85.0 2 14
111.0 1 0
38.0 1 1
346.0 1 2
205.0 1 3
97.0 1 4
10.0 1 5
44.0 1 6
100.0 1 7
141.0 81 8
134.0 7 9
98.0 1694 10
396.0 1869 11
42.0 55 12
113.0 1 13
53.0 2 14
36.0 1 0
30.0 221 1
23.0 7 2
15.0 193 3
33.0 1 4
164.0 3 5
14.0 1 6
199.0 5 7
3.0 1 8
47.0 297 9
13.0 1 10
28.0 1 11
6.0 60 12
51.0 1 13
12.0 1 14
126.0 1 0
2.0 1 1
43.0 231 2
10.0 1 3
122.0 3 4
122.0 1 5
52.0 1 6
94.0 80089 7
111.0 230 8
4.0 1 9
61.0 92 10
71.0 418 11
69.0 1 12
12.0 2 13
27.0 1 14
260.0 1 0
29.0 2797 1
2.0 1 2
59.0 270 3
99.0 896618 4
211.0 8 5
73.0 1 6
102.0 1 7
4.0 284 8
21.0 8 9
215.0 1 10
215.0 2 11
253.0 8 12
24.0 1 13
87.0 3 14
103.0 1 0
102.0 6 1
19.0 1 2
69.0 6 3
187.0 2 4
241.0 7 5
68.0 1 6
158.0 1 7
212.0 4 8
10.0 1 9
23.0 58 10
273.0 75756 11
146.0 1 12
0.0 1 13
307.0 1 14
348.0 1 0
11.0 26832 1
95.0 1 2
8.0 1 3
70.0 1 4
148.0 1 5
13.0 2265 6
334.0 2 7
88.0 1 8
67.0 1 9
90.0 8 10
26.0 1 11
192.0 66 12
8.0 2749 13
41.0 1 14
106.0 1 0
270.0 158 1
41.0 7 2
47.0 1 3
0.0 28371 4
7.0 209 5
12.0 8 6
106.0 1 7
84.0 1 8
7.0 1 9
219.0 1 10
34.0 1 11
6.0 2 12
156.0 246 13
126.0 1 14
48.0 1 0
76.0 8 1
7.0 1 2
32.0 1 3
6.0 109699 4
69.0 1 5
81.0 3 6
89.0 42 7
183.0 1176 8
148.0 1 9
394.0 650532 10
48.0 1 11
9.0 320 12
24.0 1 13
107.0 1 14
139.0 100 0
207.0 8 1
46.0 1 2
16.0 1 3
224.0 277 4
6.0 1 5
117.0 1 6
8.0 9 7
57.0 1 8
116.0 3 9
119.0 1 10
128.0 9 11
30.0 4 12
14.0 3 13
98.0 3 14
185.0 2907 0
13.0 1 1
57.0 2 2
75.0 1 3
145.0 1 4
1.0 1 5
52.0 960 6
43.0 9 7
57.0 1 8
6.0 2447 9
20.0 1 10
120.0 3 11
36.0 347 12
49.0 24 13
73.0 1 14
53.0 8 0
130.0 8 1
20.0 198 2
9.0 228 3
16.0 1 4
228.0 55 5
44.0 1 6
57.0 546775 7
3.0 6 8
16.0 45 9
2.0 1 10
263.0 3 11
10.0 1 12
147.0 261818 13
204.0 1 14
175.0 1 0
51.0 2973 1
66.0 2 2
76.0 8 3
7.0 6 4
24.0 64268 5
93.0 1 6
205.0 141 7
21.0 1 8
11.0 1 9
124.0 1 10
75.0 3 11
74.0 3 12
76.0 1 13
63.0 1 14
79.0 2 0
66.0 1 1
96.0 1 2
27.0 2 3
3.0 75 4
90.0 2 5
123.0 9 6
22.0 1 7
40.0 1 8
81.0 184 9
73.0 2753 10
119.0 1 11
41.0 1 12
272.0 1 13
691.0 1 14
51.0 173295 0
38.0 1 1
29.0 1 2
5.0 4 3
54.0 1 4
3.0 1 5
41.0 7 6
129.0 1 7
