14.0 94 0
7.0 12801 1
6.0 8522 2
11.0 147 3
3.0 8 4
7.0 18 5
1.0 2887 6
43.0 37 7
49.0 12 8
2.0 129 9
14.0 74 10
17.0 29 11
2.0 8 12
26.0 34 13
7.0 968 14
7.0 3478 0
13.0 18 1
1.0 8 2
58.0 599 3
10.0 9355 4
1.0 53 5
44.0 708 6
2.0 8 7
4.0 35 8
22.0 8 9
21.0 27 10
16.0 2413 11
33.0 53 12
3.0 45 13
33.0 12 14
18.0 54 0
7.0 10 1
11.0 44 2
4.0 8 3
19.0 383 4
2.0 32 5
35.0 59 6
13.0 29 7
11.0 46 8
53.0 942 9
22.0 1232 10
1.0 8 11
3.0 22 12
13.0 1478 13
5.0 21 14
15.0 8232 0
56.0 38 1
6.0 131 2
11.0 7898 3
7.0 47 4
8.0 8 5
81.0 31 6
2.0 8 7
30.0 22 8
19.0 39 9
26.0 40 10
3.0 32 11
0.0 21 12
22.0 19 13
9.0 7792 14
10.0 1483 0
6.0 10767 1
16.0 8 2
8.0 493 3
9.0 30 4
27.0 21 5
6.0 8 6
21.0 8 7
8.0 8 8
7.0 8827 9
13.0 7351 10
32.0 1821 11
12.0 8 12
27.0 42 13
2.0 49 14
0.0 47 0
8.0 2554 1
16.0 4970 2
16.0 52 3
5.0 295 4
3.0 535 5
9.0 62 6
45.0 17 7
24.0 1694 8
16.0 8 9
51.0 49 10
26.0 24 11
1.0 558 12
15.0 8 13
35.0 8 14
18.0 26 0
52.0 12 1
2.0 1886 2
6.0 12904 3
35.0 68 4
49.0 3301 5
20.0 37 6
35.0 746 7
29.0 8 8
2.0 20 9
15.0 8 10
7.0 3677 11
78.0 2513 12
2.0 9 13
0.0 71 14
13.0 46 0
3.0 8004 1
3.0 8 2
24.0 1779 3
19.0 7906 4
2.0 182 5
3.0 69 6
16.0 8 7
22.0 60 8
10.0 25 9
15.0 8 10
31.0 270 11
3.0 41 12
10.0 9 13
25.0 57 14
14.0 13 0
5.0 4310 1
6.0 8 2
21.0 8 3
5.0 28 4
12.0 8 5
30.0 8 6
9.0 44 7
8.0 2717 8
9.0 32 9
23.0 33 10
1.0 19 11
6.0 42 12
13.0 1419 13
2.0 12 14
20.0 76 0
45.0 685 1
2.0 21 2
54.0 19 3
6.0 41 4
14.0 8 5
24.0 1728 6
5.0 33 7
11.0 223 8
12.0 18 9
63.0 57 10
24.0 21 11
55.0 168 12
38.0 783 13
13.0 52 14
14.0 8 0
4.0 58 1
10.0 96 2
9.0 1775 3
30.0 70 4
32.0 4224 5
18.0 2743 6
13.0 3688 7
10.0 69 8
8.0 68 9
0.0 71 10
16.0 54 11
10.0 58 12
49.0 22 13
2.0 8 14
19.0 11 0
5.0 73 1
51.0 44 2
20.0 35 3
36.0 37 4
18.0 8 5
0.0 8 6
7.0 19 7
3.0 158 8
26.0 8 9
2.0 44 10
59.0 33 11
5.0 47 12
11.0 26729 13
40.0 841 14
1.0 144 0
6.0 750 1
9.0 663 2
6.0 8 3
6.0 60 4
0.0 68 5
10.0 60 6
8.0 79 7
3.0 8 8
1.0 521 9
20.0 5033 10
2.0 18 11
11.0 1722 12
10.0 671 13
16.0 1590 14
12.0 53 0
5.0 665 1
24.0 51 2
36.0 1670 3
6.0 24 4
49.0 21908 5
3.0 8 6
15.0 2400 7
7.0 63 8
16.0 65 9
12.0 51 10
23.0 427 11
2.0 1518 12
7.0 1061 13
8.0 784 14
29.0 3518 0
12.0 18 1
87.0 172 2
13.0 307 3
12.0 14066 4
13.0 22 5
3.0 4436 6
18.0 72 7
10.0 104 8
10.0 47 9
30.0 60 10
7.0 8 11
28.0 3378 12
2.0 14 13
5.0 62 14
3.0 1688 0
91.0 8 1
70.0 5195 2
39.0 509 3
0.0 15 4
7.0 8 5
10.0 137 6
1.0 1590 7
5.0 2736 8
3.0 176 9
3.0 1683 10
1.0 2692 11
17.0 38 12
5.0 20 13
8.0 786 14
8.0 9361 0
16.0 23 1
20.0 2013 2
2.0 10545 3
66.0 55 4
13.0 90 5
0.0 9 6
14.0 37 7
20.0 107 8
37.0 8238 9
37.0 6232 10
16.0 36 11
3.0 3294 12
11.0 792 13
2.0 62 14
21.0 113 0
13.0 55 1
14.0 1006 2
11.0 1728 3
4.0 101 4
7.0 37 5
0.0 18 6
7.0 8 7
25.0 23 8
2.0 15 9
7.0 4075 10
6.0 64 11
30.0 8 12
6.0 560 13
7.0 64 14
15.0 91 0
26.0 123 1
24.0 37 2
16.0 146 3
14.0 289 4
11.0 8 5
13.0 14 6
23.0 594 7
10.0 8 8
7.0 8 9
10.0 1687 10
2.0 45 11
37.0 20 12
0.0 24 13
21.0 7812 14
21.0 8 0
2.0 588 1
58.0 797 2
15.0 46 3
11.0 1596 4
3.0 1867 5
7.0 22 6
41.0 4985 7
11.0 8301 8
7.0 62 9
20.0 54 10
17.0 8 11
21.0 40 12
5.0 1102 13
8.0 84 14
17.0 47 0
32.0 42 1
3.0 15 2
4.0 12 3
19.0 66 4
2.0 23 5
27.0 20432 6
5.0 882 7
43.0 8 8
3.0 8 9
34.0 8 10
40.0 8 11
2.0 8 12
1.0 4889 13
13.0 909 14
11.0 62 0
1.0 64 1
20.0 975 2
5.0 19 3
36.0 25 4
15.0 433 5
5.0 1305 6
11.0 1944 7
8.0 8 8
28.0 8 9
37.0 48 10
23.0 173 11
20.0 604 12
16.0 13 13
19.0 1082 14
2.0 1363 0
2.0 8 1
3.0 4024 2
6.0 1879 3
47.0 26 4
30.0 8 5
29.0 672 6
9.0 68 7
20.0 50 8
28.0 743 9
12.0 1295 10
3.0 115 11
8.0 7365 12
11.0 5528 13
28.0 22979 14
14.0 8 0
2.0 6084 1
14.0 26 2
15.0 47 3
0.0 22 4
8.0 16 5
16.0 40 6
12.0 1545 7
2.0 8238 8
4.0 47 9
5.0 8 10
5.0 69 11
7.0 175 12
1.0 1074 13
7.0 169 14
10.0 80 0
1.0 1826 1
0.0 8 2
7.0 71 3
15.0 8 4
4.0 39 5
13.0 23 6
17.0 337 7
17.0 6060 8
1.0 5560 9
6.0 3241 10
62.0 3462 11
25.0 33 12
13.0 8 13
26.0 18 14
34.0 46 0
12.0 21 1
2.0 212 2
8.0 25 3
5.0 1282 4
0.0 181 5
37.0 24 6
7.0 8 7
4.0 615 8
17.0 55 9
22.0 1102 10
5.0 59 11
7.0 1856 12
2.0 18 13
17.0 3526 14
1.0 17 0
11.0 1299 1
28.0 378 2
19.0 116 3
48.0 14924 4
15.0 8 5
5.0 878 6
11.0 3461 7
1.0 9 8
2.0 8051 9
3.0 8 10
12.0 191 11
32.0 661 12
13.0 1611 13
7.0 5096 14
2.0 136 0
13.0 8 1
11.0 59 2
2.0 42 3
2.0 58 4
48.0 1502 5
1.0 59 6
17.0 53 7
5.0 59 8
11.0 8036 9
6.0 51 10
13.0 8 11
43.0 41 12
4.0 24752 13
1.0 8 14
12.0 3274 0
7.0 833 1
10.0 56 2
11.0 8 3
29.0 623 4
4.0 47 5
2.0 466 6
4.0 814 7
24.0 23 8
12.0 121 9
5.0 2100 10
0.0 5735 11
1.0 76 12
13.0 15 13
13.0 82 14
7.0 8 0
65.0 7020 1
84.0 2093 2
28.0 75 3
36.0 53 4
24.0 42 5
18.0 1584 6
5.0 26 7
57.0 8 8
3.0 49 9
14.0 55 10
5.0 116 11
27.0 8 12
11.0 23 13
4.0 362 14
20.0 12 0
5.0 48 1
9.0 3500 2
15.0 700 3
53.0 2764 4
19.0 1833 5
8.0 16 6
3.0 43 7
16.0 1167 8
12.0 69 9
8.0 55 10
28.0 38 11
23.0 43 12
39.0 1101 13
2.0 2213 14
3.0 158 0
7.0 8 1
2.0 1010 2
3.0 26 3
28.0 31 4
1.0 354 5
39.0 1326 6
2.0 8 7
1.0 396 8
45.0 19 9
6.0 1775 10
15.0 67 11
21.0 537 12
8.0 1611 13
39.0 6276 14
12.0 153 0
52.0 22264 1
28.0 8 2
30.0 21 3
5.0 1653 4
22.0 56 5
58.0 1700 6
6.0 303 7
5.0 212 8
11.0 8 9
8.0 1844 10
17.0 17671 11
11.0 1234 12
58.0 6863 13
54.0 1349 14
2.0 46 0
23.0 16836 1
1.0 40 2
35.0 2689 3
50.0 185 4
31.0 38 5
12.0 2278 6
13.0 8 7
28.0 6387 8
38.0 58 9
15.0 21 10
10.0 22 11
7.0 8 12
7.0 20 13
1.0 8 14
6.0 8 0
1.0 6756 1
0.0 41 2
3.0 11 3
16.0 8 4
21.0 185 5
24.0 1673 6
15.0 33 7
7.0 3114 8
29.0 45 9
6.0 15 10
14.0 49 11
47.0 99 12
35.0 59 13
5.0 2033 14
5.0 2042 0
5.0 62 1
15.0 8 2
52.0 1415 3
5.0 27941 4
7.0 37 5
13.0 142 6
3.0 10 7
29.0 542 8
9.0 8 9
7.0 334 10
7.0 8 11
12.0 47 12
10.0 778 13
2.0 115 14
4.0 9 0
47.0 2526 1
37.0 21542 2
2.0 549 3
7.0 8 4
23.0 33 5
1.0 818 6
37.0 16128 7
16.0 71 8
14.0 110 9
2.0 70 10
4.0 164 11
6.0 60 12
14.0 26 13
7.0 11 14
8.0 19 0
51.0 1532 1
0.0 4214 2
2.0 20 3
31.0 3671 4
54.0 22 5
7.0 8 6
9.0 1769 7
0.0 8 8
3.0 8 9
3.0 753 10
1.0 179 11
30.0 81 12
29.0 948 13
58.0 113 14
9.0 3039 0
14.0 8 1
3.0 1024 2
11.0 22 3
9.0 56 4
14.0 47 5
10.0 1646 6
53.0 65 7
15.0 8 8
38.0 8 9
29.0 8 10
25.0 60 11
17.0 49 12
0.0 1929 13
3.0 524 14
12.0 60 0
20.0 21 1
4.0 3735 2
10.0 2457 3
0.0 5437 4
1.0 11 5
1.0 66 6
43.0 47 7
4.0 2770 8
6.0 47 9
38.0 21426 10
19.0 2067 11
6.0 871 12
2.0 370 13
67.0 1967 14
99.0 6431 0
7.0 27 1
13.0 1591 2
19.0 544 3
25.0 2733 4
7.0 1131 5
14.0 39 6
35.0 8 7
9.0 8 8
8.0 68 9
2.0 69 10
15.0 19 11
5.0 51 12
34.0 540 13
24.0 8 14
22.0 159 0
16.0 53 1
16.0 10 2
14.0 68 3
45.0 42 4
6.0 592 5
2.0 8 6
3.0 8 7
35.0 925 8
33.0 20 9
7.0 38 10
54.0 63 11
10.0 141 12
10.0 36 13
14.0 806 14
18.0 106 0
49.0 11 1
13.0 71 2
52.0 37 3
43.0 10445 4
1.0 47 5
11.0 15 6
31.0 107 7
7.0 37 8
50.0 8 9
10.0 73 10
8.0 8 11
19.0 8 12
30.0 2940 13
10.0 3248 14
14.0 7277 0
25.0 129 1
16.0 55 2
17.0 57 3
5.0 26 4
3.0 79 5
2.0 15 6
15.0 547 7
24.0 32 8
10.0 20 9
5.0 1194 10
59.0 8 11
1.0 2339 12
14.0 2320 13
51.0 21512 14
2.0 40 0
5.0 542 1
2.0 165 2
18.0 8 3
14.0 27 4
1.0 711 5
10.0 49 6
20.0 4595 7
4.0 25 8
36.0 8 9
7.0 94 10
12.0 1403 11
19.0 19 12
7.0 19 13
2.0 3747 14
6.0 68 0
3.0 3905 1
13.0 26 2
11.0 64 3
2.0 846 4
27.0 6426 5
8.0 1829 6
59.0 1020 7
3.0 8 8
22.0 4402 9
12.0 8 10
10.0 10 11
26.0 50 12
16.0 8 13
17.0 8 14
7.0 4742 0
9.0 8 1
18.0 20756 2
15.0 53 3
13.0 8 4
15.0 139 5
14.0 4365 6
2.0 1814 7
9.0 18 8
6.0 23 9
16.0 5995 10
10.0 26 11
12.0 21 12
38.0 547 13
1.0 9400 14
7.0 415 0
51.0 110 1
16.0 2762 2
6.0 1822 3
4.0 62 4
4.0 7023 5
35.0 612 6
3.0 11 7
30.0 45 8
15.0 24 9
19.0 1675 10
2.0 766 11
64.0 26107 12
2.0 59 13
8.0 8 14
7.0 23 0
16.0 16414 1
6.0 1596 2
15.0 4311 3
6.0 38 4
21.0 3938 5
0.0 54 6
3.0 9663 7
5.0 70 8
1.0 35 9
20.0 1138 10
9.0 4584 11
46.0 8 12
6.0 3942 13
0.0 17 14
5.0 53 0
11.0 776 1
9.0 12 2
20.0 8 3
25.0 1952 4
75.0 9258 5
1.0 2064 6
11.0 8888 7
2.0 7402 8
52.0 1340 9
5.0 70 10
5.0 8 11
10.0 8 12
1.0 78 13
0.0 433 14
13.0 8 0
27.0 16 1
19.0 8 2
31.0 74 3
14.0 8 4
41.0 282 5
1.0 72 6
0.0 28 7
5.0 16057 8
5.0 4000 9
17.0 8 10
27.0 18 11
10.0 16 12
3.0 56 13
17.0 8 14
32.0 60 0
11.0 176 1
2.0 18 2
18.0 958 3
7.0 31 4
24.0 8 5
31.0 8 6
18.0 54 7
54.0 33 8
18.0 13 9
0.0 1793 10
22.0 20 11
32.0 6449 12
8.0 8 13
72.0 921 14
14.0 4325 0
9.0 8 1
54.0 8 2
7.0 1236 3
42.0 80 4
12.0 414 5
2.0 205 6
30.0 48 7
4.0 9273 8
2.0 154 9
22.0 14 10
4.0 10 11
10.0 28 12
12.0 4199 13
7.0 64 14
2.0 1434 0
5.0 1808 1
1.0 1853 2
59.0 93 3
5.0 385 4
29.0 18 5
11.0 3280 6
3.0 55 7
0.0 105 8
22.0 6657 9
13.0 38 10
17.0 4397 11
14.0 5073 12
11.0 8 13
1.0 2965 14
28.0 26 0
3.0 2421 1
6.0 3124 2
8.0 48 3
15.0 20 4
5.0 43 5
31.0 8560 6
6.0 16467 7
24.0 8 8
6.0 1287 9
35.0 72 10
0.0 8 11
5.0 733 12
10.0 50 13
6.0 21 14
32.0 150 0
35.0 8 1
4.0 1725 2
3.0 10 3
21.0 8 4
3.0 1043 5
56.0 19 6
16.0 2555 7
33.0 29 8
84.0 2022 9
58.0 19 10
11.0 1830 11
3.0 25 12
1.0 43 13
23.0 28 14
38.0 4241 0
5.0 2531 1
10.0 5051 2
5.0 8 3
26.0 56 4
7.0 8 5
5.0 10 6
3.0 8224 7
6.0 8 8
23.0 4656 9
17.0 92 10
22.0 1241 11
38.0 1144 12
7.0 3468 13
18.0 19 14
79.0 8 0
1.0 605 1
10.0 45 2
21.0 72 3
0.0 3468 4
39.0 8 5
25.0 8 6
2.0 4442 7
6.0 60 8
24.0 8 9
21.0 2833 10
52.0 5928 11
11.0 8 12
33.0 38 13
16.0 1531 14
13.0 8 0
39.0 74 1
3.0 20 2
7.0 44 3
2.0 280 4
22.0 897 5
64.0 808 6
3.0 3599 7
1.0 190 8
44.0 14210 9
9.0 9801 10
1.0 61 11
9.0 786 12
4.0 22 13
14.0 37 14
3.0 8 0
4.0 13 1
7.0 72 2
4.0 8 3
10.0 8 4
13.0 59 5
11.0 65 6
36.0 6261 7
16.0 39 8
9.0 15450 9
13.0 1062 10
2.0 3777 11
39.0 33 12
51.0 2895 13
45.0 80 14
24.0 5245 0
7.0 1513 1
8.0 8 2
0.0 52 3
17.0 1681 4
12.0 26 5
14.0 21 6
2.0 32 7
8.0 17 8
10.0 48 9
25.0 31 10
6.0 1112 11
17.0 26 12
80.0 23323 13
31.0 8449 14
3.0 7103 0
8.0 2388 1
4.0 60 2
23.0 495 3
82.0 45 4
6.0 553 5
37.0 30 6
53.0 140 7
1.0 1701 8
6.0 16575 9
13.0 75 10
19.0 3463 11
6.0 8598 12
31.0 4281 13
10.0 899 14
7.0 163 0
29.0 385 1
3.0 7863 2
25.0 48 3
9.0 537 4
0.0 8 5
29.0 1028 6
26.0 23 7
2.0 20 8
40.0 23 9
2.0 193 10
4.0 139 11
62.0 8 12
26.0 1198 13
4.0 25595 14
7.0 63 0
3.0 23 1
79.0 32 2
14.0 24 3
28.0 25 4
38.0 25 5
2.0 856 6
45.0 2667 7
19.0 55 8
5.0 572 9
5.0 85 10
0.0 20 11
4.0 1764 12
15.0 136 13
27.0 3491 14
7.0 1276 0
1.0 4518 1
27.0 22788 2
11.0 42 3
10.0 3314 4
2.0 495 5
9.0 21 6
14.0 108 7
84.0 8 8
9.0 8 9
31.0 7218 10
1.0 8 11
13.0 6631 12
31.0 54 13
2.0 54 14
68.0 2850 0
8.0 482 1
35.0 12 2
5.0 133 3
3.0 645 4
5.0 43 5
25.0 8 6
22.0 25 7
2.0 26 8
20.0 37 9
3.0 8 10
3.0 2448 11
13.0 198 12
4.0 8 13
45.0 89 14
6.0 2614 0
11.0 24 1
10.0 1200 2
17.0 1847 3
3.0 82 4
34.0 566 5
20.0 66 6
14.0 1197 7
17.0 8 8
10.0 164 9
0.0 27 10
8.0 392 11
4.0 138 12
5.0 8682 13
10.0 3569 14
30.0 1649 0
10.0 8 1
72.0 56 2
18.0 129 3
6.0 12 4
3.0 8 5
1.0 3002 6
0.0 1716 7
29.0 69 8
10.0 4210 9
4.0 1310 10
9.0 1231 11
32.0 174 12
5.0 624 13
0.0 60 14
27.0 8 0
6.0 54 1
26.0 8 2
39.0 5524 3
22.0 12 4
39.0 920 5
45.0 609 6
11.0 23 7
4.0 19 8
3.0 29 9
5.0 148 10
6.0 3258 11
12.0 1326 12
12.0 20 13
18.0 8 14
27.0 6002 0
17.0 1443 1
6.0 14848 2
4.0 61 3
27.0 67 4
9.0 46 5
23.0 22 6
71.0 21 7
17.0 3322 8
8.0 1012 9
10.0 4301 10
23.0 8 11
5.0 728 12
6.0 8 13
2.0 38 14
59.0 847 0
24.0 4697 1
8.0 35 2
2.0 8 3
22.0 32 4
14.0 8 5
7.0 8 6
9.0 8 7
0.0 2113 8
27.0 30 9
7.0 895 10
4.0 4032 11
56.0 58 12
2.0 2597 13
4.0 6373 14
4.0 8337 0
38.0 8 1
18.0 24 2
3.0 3455 3
23.0 15982 4
12.0 75 5
15.0 4680 6
26.0 1701 7
3.0 762 8
9.0 16 9
4.0 47 10
6.0 855 11
2.0 39 12
9.0 53 13
24.0 95 14
11.0 53 0
6.0 9 1
29.0 4016 2
16.0 90 3
3.0 13 4
0.0 21 5
11.0 28 6
1.0 16 7
23.0 1591 8
85.0 4923 9
17.0 66 10
7.0 1054 11
7.0 8 12
1.0 4182 13
16.0 19 14
12.0 8127 0
6.0 3962 1
27.0 1645 2
19.0 51 3
18.0 41 4
5.0 44 5
11.0 4130 6
6.0 3747 7
37.0 34 8
20.0 60 9
26.0 1837 10
29.0 5943 11
12.0 22 12
35.0 11 13
7.0 60 14
2.0 8 0
36.0 8 1
2.0 764 2
53.0 1807 3
9.0 33 4
10.0 384 5
2.0 42 6
2.0 1552 7
1.0 72 8
14.0 909 9
34.0 122 10
11.0 3359 11
76.0 8 12
11.0 53 13
14.0 8 14
3.0 11 0
22.0 390 1
55.0 8 2
0.0 34 3
1.0 35 4
2.0 8 5
6.0 57 6
32.0 62 7
8.0 8 8
13.0 2130 9
9.0 2211 10
13.0 28 11
6.0 2346 12
16.0 692 13
3.0 8 14
23.0 73 0
80.0 16331 1
43.0 1148 2
6.0 8 3
2.0 35 4
20.0 24479 5
3.0 9 6
18.0 7322 7
23.0 22816 8
34.0 2788 9
74.0 769 10
5.0 6041 11
3.0 51 12
7.0 33 13
0.0 27 14
15.0 2571 0
18.0 19 1
5.0 20 2
6.0 696 3
31.0 6141 4
35.0 1167 5
34.0 1730 6
19.0 71 7
11.0 7216 8
7.0 46 9
17.0 1345 10
8.0 19 11
3.0 8 12
6.0 4429 13
10.0 1466 14
0.0 25 0
8.0 1499 1
25.0 23 2
6.0 8 3
8.0 25 4
8.0 15 5
5.0 2317 6
100.0 8 7
7.0 173 8
8.0 54 9
32.0 8 10
24.0 788 11
26.0 16 12
8.0 63 13
20.0 2406 14
9.0 22 0
5.0 44 1
27.0 51 2
11.0 20143 3
0.0 8 4
19.0 2084 5
16.0 4458 6
47.0 27 7
9.0 8 8
17.0 15 9
93.0 25 10
6.0 3355 11
13.0 781 12
41.0 11 13
11.0 15 14
31.0 3766 0
30.0 73 1
35.0 8273 2
7.0 493 3
28.0 13 4
44.0 6420 5
2.0 2645 6
9.0 8 7
18.0 2205 8
4.0 65 9
6.0 2405 10
10.0 68 11
5.0 35 12
8.0 77 13
3.0 8 14
4.0 22 0
78.0 8 1
10.0 1139 2
17.0 25 3
26.0 1810 4
2.0 403 5
20.0 147 6
12.0 42 7
14.0 8 8
8.0 543 9
6.0 2970 10
8.0 19084 11
17.0 59 12
12.0 1880 13
72.0 8 14
7.0 2646 0
10.0 17 1
59.0 2068 2
1.0 298 3
4.0 49 4
0.0 1335 5
24.0 8 6
13.0 8 7
0.0 12191 8
24.0 7263 9
0.0 8 10
10.0 482 11
3.0 8 12
19.0 67 13
12.0 8 14
73.0 8 0
17.0 594 1
16.0 2459 2
1.0 69 3
45.0 960 4
31.0 6504 5
1.0 5490 6
1.0 8 7
1.0 1047 8
45.0 3686 9
27.0 394 10
39.0 5846 11
20.0 25 12
0.0 5808 13
22.0 43 14
26.0 13 0
15.0 59 1
4.0 59 2
1.0 8 3
6.0 793 4
11.0 118 5
27.0 23010 6
4.0 10 7
1.0 48 8
16.0 8 9
15.0 164 10
11.0 40 11
11.0 63 12
3.0 22 13
0.0 1863 14
12.0 135 0
41.0 67 1
21.0 31 2
2.0 1430 3
10.0 92 4
7.0 62 5
54.0 21 6
25.0 9373 7
18.0 8636 8
13.0 39 9
18.0 8 10
31.0 8 11
1.0 55 12
9.0 68 13
21.0 19 14
38.0 13 0
12.0 349 1
25.0 85 2
29.0 45 3
22.0 58 4
18.0 35 5
2.0 1312 6
26.0 25 7
1.0 54 8
21.0 66 9
2.0 3382 10
1.0 35 11
5.0 2657 12
8.0 13 13
30.0 749 14
4.0 36 0
19.0 22369 1
13.0 1759 2
11.0 8 3
9.0 8 4
3.0 25 5
0.0 55 6
8.0 8 7
33.0 38 8
4.0 47 9
1.0 15 10
48.0 158 11
8.0 154 12
57.0 10286 13
24.0 11 14
5.0 12040 0
5.0 645 1
4.0 722 2
7.0 55 3
24.0 882 4
7.0 175 5
57.0 8 6
8.0 183 7
0.0 8123 8
18.0 38 9
34.0 60 10
6.0 1541 11
19.0 312 12
18.0 73 13
13.0 1477 14
30.0 8 0
44.0 34 1
54.0 2812 2
5.0 880 3
6.0 1956 4
1.0 18 5
6.0 8 6
18.0 3311 7
4.0 530 8
1.0 28 9
25.0 8 10
6.0 23124 11
12.0 8 12
8.0 1121 13
24.0 146 14
18.0 102 0
4.0 25 1
13.0 71 2
12.0 180 3
8.0 8 4
11.0 1065 5
6.0 8 6
21.0 37 7
22.0 24 8
1.0 5464 9
5.0 84 10
9.0 44 11
40.0 8 12
5.0 8 13
32.0 3598 14
52.0 1039 0
17.0 41 1
22.0 8 2
22.0 3513 3
19.0 8 4
35.0 8 5
4.0 1338 6
3.0 5028 7
25.0 385 8
41.0 5720 9
69.0 8 10
13.0 186 11
4.0 2801 12
48.0 55 13
57.0 15150 14
0.0 23 0
11.0 38 1
2.0 20 2
44.0 8 3
12.0 8 4
13.0 1244 5
4.0 3457 6
10.0 1212 7
43.0 16 8
4.0 16 9
11.0 5816 10
24.0 4308 11
3.0 1105 12
13.0 33 13
67.0 2719 14
3.0 574 0
25.0 8 1
23.0 746 2
8.0 8 3
5.0 73 4
1.0 10 5
13.0 68 6
4.0 1289 7
2.0 2238 8
18.0 168 9
9.0 1291 10
31.0 27 11
12.0 257 12
23.0 54 13
0.0 50 14
25.0 65 0
9.0 14560 1
9.0 26 2
3.0 8 3
5.0 22 4
0.0 6910 5
25.0 9194 6
3.0 7524 7
6.0 66 8
7.0 2135 9
7.0 1252 10
45.0 15 11
32.0 7564 12
11.0 8 13
3.0 108 14
4.0 8 0
7.0 63 1
30.0 13269 2
3.0 39 3
20.0 885 4
14.0 8 5
70.0 73 6
7.0 7179 7
1.0 421 8
23.0 19 9
22.0 8 10
12.0 695 11
11.0 36 12
20.0 32 13
9.0 46 14
30.0 1311 0
0.0 68 1
31.0 54 2
26.0 1060 3
14.0 1359 4
13.0 25 5
22.0 12 6
17.0 16952 7
17.0 58 8
24.0 1499 9
20.0 13672 10
4.0 20 11
40.0 40 12
1.0 23 13
9.0 2981 14
0.0 8 0
6.0 42 1
7.0 91 2
1.0 4228 3
7.0 700 4
5.0 2615 5
11.0 25900 6
19.0 35 7
11.0 36 8
4.0 494 9
22.0 2231 10
2.0 74 11
22.0 167 12
26.0 41 13
3.0 5164 14
20.0 8 0
5.0 6161 1
56.0 21 2
17.0 24 3
30.0 401 4
116.0 54 5
1.0 20 6
6.0 8 7
2.0 23 8
21.0 8 9
22.0 44 10
3.0 3113 11
2.0 21 12
15.0 5085 13
12.0 22 14
1.0 19 0
18.0 161 1
0.0 66 2
26.0 31 3
35.0 120 4
2.0 471 5
19.0 8 6
26.0 53 7
13.0 8 8
30.0 6220 9
4.0 8 10
11.0 8461 11
1.0 3606 12
5.0 21 13
2.0 8 14
30.0 4544 0
14.0 89 1
8.0 60 2
8.0 12 3
36.0 8997 4
6.0 22 5
13.0 8 6
12.0 8008 7
9.0 8 8
3.0 25 9
8.0 1030 10
9.0 8 11
9.0 4203 12
27.0 699 13
13.0 133 14
53.0 2953 0
13.0 1168 1
6.0 26 2
14.0 11 3
80.0 68 4
15.0 652 5
25.0 124 6
14.0 26 7
3.0 1798 8
2.0 25 9
7.0 1261 10
10.0 1613 11
28.0 12544 12
22.0 61 13
10.0 8 14
29.0 1214 0
7.0 697 1
3.0 71 2
0.0 243 3
5.0 792 4
62.0 1176 5
7.0 9076 6
4.0 72 7
19.0 15 8
30.0 1208 9
19.0 51 10
2.0 98 11
10.0 32 12
27.0 8 13
42.0 314 14
64.0 2551 0
5.0 8 1
19.0 21 2
3.0 24 3
11.0 744 4
18.0 12 5
2.0 8 6
36.0 86 7
75.0 218 8
25.0 22 9
12.0 47 10
14.0 19 11
0.0 8 12
9.0 7682 13
12.0 2265 14
7.0 8 0
25.0 5223 1
2.0 8 2
37.0 61 3
30.0 8 4
22.0 8 5
4.0 23 6
21.0 195 7
6.0 223 8
37.0 48 9
2.0 366 10
2.0 274 11
1.0 610 12
17.0 1124 13
98.0 1615 14
21.0 16 0
3.0 3181 1
13.0 2162 2
18.0 1876 3
14.0 49 4
27.0 22 5
8.0 58 6
16.0 21 7
8.0 18601 8
38.0 317 9
1.0 24 10
4.0 8 11
9.0 66 12
8.0 2224 13
11.0 42 14
30.0 1018 0
5.0 8 1
56.0 8 2
3.0 20033 3
0.0 18 4
12.0 26059 5
20.0 6869 6
2.0 3653 7
8.0 8 8
4.0 8 9
11.0 28 10
14.0 3862 11
24.0 38 12
4.0 67 13
21.0 2391 14
11.0 1141 0
3.0 1062 1
14.0 837 2
16.0 671 3
19.0 1321 4
32.0 1302 5
5.0 26533 6
1.0 5465 7
38.0 9 8
16.0 1856 9
5.0 982 10
1.0 29 11
0.0 648 12
4.0 543 13
4.0 9 14
8.0 21 0
3.0 850 1
2.0 1959 2
4.0 8 3
2.0 1621 4
15.0 8445 5
55.0 78 6
23.0 35 7
64.0 145 8
37.0 24 9
1.0 682 10
44.0 63 11
2.0 4549 12
26.0 23 13
30.0 2713 14
9.0 1832 0
20.0 1546 1
10.0 29 2
7.0 52 3
5.0 2490 4
9.0 20 5
5.0 31 6
19.0 350 7
35.0 59 8
21.0 26 9
5.0 2074 10
12.0 22 11
19.0 74 12
26.0 52 13
2.0 67 14
11.0 2952 0
49.0 59 1
6.0 5333 2
8.0 23 3
49.0 8 4
1.0 3459 5
2.0 6081 6
17.0 8 7
19.0 14662 8
1.0 5504 9
22.0 8 10
3.0 8766 11
1.0 1491 12
16.0 160 13
18.0 8 14
2.0 60 0
11.0 1095 1
41.0 1787 2
18.0 8 3
10.0 1415 4
18.0 30 5
4.0 20 6
4.0 63 7
21.0 25 8
19.0 146 9
14.0 64 10
58.0 26497 11
4.0 16 12
16.0 8 13
12.0 653 14
1.0 63 0
13.0 351 1
0.0 71 2
35.0 1323 3
7.0 495 4
9.0 89 5
38.0 66 6
23.0 14 7
6.0 33 8
5.0 8 9
13.0 207 10
43.0 9 11
40.0 117 12
52.0 922 13
20.0 37 14
11.0 39 0
20.0 186 1
26.0 73 2
4.0 52 3
9.0 8 4
11.0 8 5
7.0 1878 6
35.0 8 7
9.0 1842 8
9.0 1425 9
35.0 1011 10
2.0 152 11
21.0 751 12
1.0 55 13
8.0 8 14
31.0 1434 0
9.0 8 1
9.0 112 2
7.0 37 3
40.0 21058 4
16.0 4300 5
22.0 3375 6
19.0 15 7
17.0 68 8
21.0 156 9
27.0 62 10
40.0 8 11
13.0 8 12
2.0 8 13
57.0 1102 14
10.0 23751 0
19.0 121 1
42.0 8 2
15.0 74 3
0.0 3899 4
45.0 8 5
30.0 7020 6
35.0 53 7
19.0 8 8
1.0 26 9
21.0 1192 10
6.0 325 11
4.0 935 12
9.0 500 13
36.0 19 14
20.0 1778 0
8.0 41 1
6.0 82 2
13.0 8 3
9.0 65 4
24.0 8 5
16.0 6803 6
9.0 56 7
23.0 46 8
22.0 1291 9
22.0 4187 10
20.0 8 11
28.0 8 12
24.0 229 13
7.0 41 14
3.0 1243 0
1.0 1035 1
6.0 8 2
7.0 427 3
97.0 4242 4
10.0 1757 5
16.0 69 6
11.0 50 7
1.0 8451 8
13.0 172 9
11.0 520 10
9.0 107 11
7.0 53 12
20.0 4595 13
4.0 46 14
3.0 118 0
7.0 880 1
9.0 40 2
38.0 23 3
10.0 4756 4
10.0 1126 5
76.0 9194 6
5.0 565 7
17.0 4935 8
0.0 3534 9
5.0 956 10
4.0 8063 11
13.0 8 12
2.0 3663 13
35.0 3447 14
12.0 72 0
13.0 525 1
49.0 50 2
20.0 8 3
27.0 8 4
22.0 146 5
23.0 29 6
8.0 14305 7
16.0 46 8
4.0 20 9
8.0 28 10
10.0 53 11
35.0 2869 12
16.0 50 13
6.0 33 14
21.0 24773 0
3.0 8 1
16.0 2544 2
8.0 3615 3
1.0 8 4
1.0 8 5
3.0 1323 6
2.0 633 7
2.0 53 8
14.0 95 9
0.0 8 10
22.0 15 11
2.0 4214 12
1.0 3517 13
28.0 947 14
23.0 1798 0
10.0 969 1
14.0 1881 2
17.0 1610 3
20.0 3592 4
25.0 3558 5
18.0 3295 6
4.0 17 7
44.0 155 8
35.0 61 9
4.0 16019 10
5.0 49 11
7.0 674 12
4.0 23 13
7.0 63 14
1.0 63 0
12.0 82 1
0.0 154 2
24.0 241 3
42.0 16 4
17.0 29 5
50.0 1371 6
2.0 8 7
0.0 58 8
19.0 20592 9
3.0 50 10
18.0 22 11
5.0 2602 12
71.0 59 13
3.0 19 14
13.0 438 0
9.0 1920 1
10.0 72 2
0.0 1988 3
12.0 127 4
6.0 8 5
8.0 8370 6
18.0 66 7
21.0 8 8
4.0 183 9
26.0 23 10
15.0 84 11
14.0 1663 12
4.0 1897 13
6.0 40 14
1.0 893 0
7.0 45 1
1.0 2424 2
51.0 330 3
14.0 4363 4
35.0 3079 5
10.0 8 6
1.0 9631 7
22.0 211 8
0.0 538 9
19.0 65 10
12.0 8 11
39.0 3081 12
14.0 407 13
9.0 20 14
19.0 3507 0
5.0 63 1
17.0 835 2
2.0 45 3
6.0 1781 4
11.0 4590 5
10.0 8 6
7.0 1420 7
13.0 20 8
16.0 971 9
28.0 838 10
16.0 3886 11
9.0 132 12
1.0 232 13
4.0 8 14
59.0 60 0
17.0 1395 1
6.0 8339 2
18.0 6132 3
3.0 691 4
4.0 1027 5
14.0 4425 6
24.0 35 7
6.0 8 8
50.0 2118 9
4.0 154 10
2.0 27890 11
22.0 4536 12
21.0 99 13
7.0 19 14
5.0 20 0
17.0 50 1
2.0 138 2
1.0 4196 3
7.0 3790 4
20.0 26 5
11.0 3492 6
2.0 50 7
18.0 4319 8
4.0 50 9
12.0 1831 10
86.0 39 11
8.0 23 12
6.0 6787 13
4.0 33 14
4.0 8 0
7.0 27 1
2.0 42 2
19.0 356 3
2.0 47 4
22.0 392 5
11.0 7316 6
3.0 82 7
33.0 137 8
9.0 4265 9
14.0 25 10
53.0 4508 11
2.0 715 12
2.0 67 13
8.0 45 14
11.0 249 0
4.0 1086 1
15.0 8146 2
13.0 46 3
13.0 45 4
17.0 23 5
60.0 9 6
5.0 1458 7
10.0 19 8
7.0 3910 9
2.0 8188 10
6.0 68 11
4.0 1491 12
1.0 24 13
12.0 51 14
46.0 12 0
8.0 57 1
22.0 3387 2
13.0 8 3
67.0 8 4
15.0 85 5
16.0 30 6
25.0 26 7
6.0 70 8
13.0 8 9
46.0 63 10
46.0 8 11
15.0 20 12
13.0 35 13
23.0 133 14
63.0 59 0
44.0 2257 1
52.0 69 2
16.0 40 3
7.0 8 4
4.0 16 5
3.0 33 6
15.0 1712 7
3.0 5010 8
58.0 425 9
53.0 16141 10
2.0 3180 11
0.0 26 12
21.0 8 13
4.0 59 14
7.0 1795 0
18.0 4399 1
20.0 953 2
21.0 27 3
2.0 8 4
0.0 8249 5
2.0 8 6
14.0 5687 7
13.0 12 8
18.0 88 9
21.0 8714 10
25.0 122 11
0.0 112 12
9.0 22 13
2.0 8 14
4.0 36 0
4.0 8 1
4.0 380 2
9.0 8 3
14.0 29 4
5.0 18 5
42.0 20 6
26.0 31 7
36.0 3242 8
13.0 897 9
8.0 905 10
3.0 5584 11
36.0 26 12
18.0 18 13
6.0 46 14
15.0 47 0
20.0 1440 1
0.0 1645 2
6.0 8 3
16.0 13035 4
16.0 8 5
37.0 3067 6
21.0 8 7
0.0 22 8
1.0 8 9
3.0 8 10
39.0 14 11
5.0 37 12
4.0 47 13
13.0 667 14
10.0 63 0
39.0 4883 1
15.0 707 2
4.0 1418 3
11.0 17 4
33.0 8 5
40.0 8 6
35.0 41 7
6.0 21 8
6.0 197 9
34.0 27 10
11.0 20 11
24.0 13320 12
9.0 3369 13
0.0 4085 14
27.0 16 0
8.0 20 1
10.0 88 2
39.0 1583 3
25.0 58 4
7.0 45 5
3.0 8 6
14.0 44 7
5.0 8 8
26.0 57 9
0.0 182 10
27.0 8 11
16.0 18 12
16.0 1353 13
18.0 54 14
33.0 4284 0
6.0 11 1
1.0 8 2
12.0 58 3
37.0 543 4
17.0 2275 5
10.0 1142 6
16.0 1150 7
29.0 8 8
9.0 9220 9
15.0 11 10
42.0 8 11
19.0 714 12
2.0 21 13
16.0 30 14
6.0 23 0
41.0 4443 1
33.0 17862 2
30.0 41 3
6.0 68 4
22.0 22 5
19.0 32 6
17.0 40 7
8.0 59 8
33.0 8 9
16.0 51 10
21.0 22 11
13.0 957 12
33.0 9 13
52.0 8 14
31.0 10 0
7.0 48 1
15.0 1482 2
2.0 39 3
6.0 498 4
7.0 1573 5
30.0 8 6
9.0 54 7
3.0 129 8
21.0 64 9
3.0 61 10
27.0 8 11
2.0 92 12
7.0 5542 13
4.0 13 14
31.0 21 0
38.0 116 1
5.0 65 2
9.0 44 3
5.0 9 4
31.0 2203 5
21.0 74 6
1.0 57 7
23.0 8674 8
17.0 1957 9
11.0 12 10
0.0 47 11
2.0 96 12
16.0 2654 13
23.0 25 14
4.0 1732 0
24.0 19 1
17.0 173 2
10.0 4472 3
19.0 438 4
1.0 44 5
16.0 1056 6
45.0 73 7
21.0 1176 8
63.0 21 9
37.0 3910 10
15.0 44 11
2.0 774 12
28.0 7261 13
28.0 16190 14
19.0 14 0
15.0 58 1
55.0 50 2
1.0 1532 3
28.0 1920 4
5.0 20 5
6.0 8 6
24.0 22 7
10.0 9159 8
30.0 125 9
20.0 193 10
3.0 45 11
5.0 1546 12
2.0 86 13
94.0 71 14
7.0 39 0
2.0 816 1
1.0 74 2
7.0 21 3
32.0 22 4
19.0 2863 5
26.0 8 6
35.0 49 7
22.0 4827 8
2.0 553 9
0.0 1052 10
6.0 36 11
4.0 34 12
47.0 1175 13
10.0 16 14
12.0 40 0
41.0 432 1
13.0 8 2
1.0 988 3
19.0 25 4
10.0 58 5
45.0 67 6
14.0 8 7
21.0 9 8
8.0 44 9
2.0 579 10
11.0 1740 11
76.0 8 12
5.0 1484 13
1.0 8 14
8.0 3379 0
6.0 263 1
3.0 11 2
4.0 8 3
6.0 294 4
2.0 25 5
2.0 650 6
31.0 17 7
6.0 22196 8
13.0 1415 9
3.0 66 10
3.0 64 11
6.0 1847 12
7.0 9374 13
14.0 1399 14
17.0 114 0
3.0 819 1
28.0 19 2
7.0 8 3
1.0 8 4
0.0 537 5
3.0 14 6
38.0 15 7
18.0 408 8
20.0 8 9
10.0 62 10
24.0 1229 11
18.0 25 12
7.0 64 13
38.0 511 14
27.0 8 0
13.0 61 1
52.0 52 2
9.0 2018 3
22.0 25 4
34.0 988 5
7.0 13620 6
29.0 1437 7
2.0 53 8
0.0 22 9
13.0 4913 10
66.0 50 11
8.0 8 12
25.0 8 13
18.0 8 14
8.0 9 0
10.0 54 1
0.0 8 2
12.0 36 3
6.0 35 4
34.0 142 5
19.0 6104 6
48.0 8 7
18.0 43 8
24.0 8 9
6.0 8 10
19.0 8 11
4.0 32 12
1.0 35 13
24.0 8 14
21.0 848 0
19.0 531 1
16.0 87 2
22.0 64 3
40.0 55 4
27.0 1443 5
5.0 24 6
5.0 538 7
36.0 8 8
18.0 8 9
0.0 1258 10
36.0 25 11
1.0 488 12
14.0 516 13
0.0 8 14
25.0 2456 0
9.0 8 1
30.0 735 2
23.0 25 3
4.0 70 4
63.0 141 5
7.0 2546 6
11.0 1456 7
51.0 81 8
5.0 8 9
8.0 19 10
5.0 1959 11
0.0 8 12
3.0 1554 13
3.0 46 14
12.0 8 0
27.0 1743 1
78.0 1728 2
10.0 8 3
9.0 3649 4
13.0 8 5
11.0 47 6
9.0 20753 7
2.0 859 8
15.0 24 9
32.0 11854 10
15.0 8 11
4.0 6394 12
17.0 1814 13
22.0 114 14
7.0 47 0
4.0 72 1
30.0 36 2
12.0 1875 3
6.0 8 4
1.0 2082 5
2.0 12848 6
5.0 1729 7
8.0 8 8
9.0 2606 9
2.0 2760 10
27.0 19 11
7.0 295 12
17.0 8 13
13.0 1015 14
46.0 1042 0
16.0 147 1
7.0 64 2
13.0 8 3
7.0 25188 4
56.0 8 5
2.0 785 6
39.0 21 7
29.0 133 8
5.0 817 9
29.0 2544 10
10.0 8 11
7.0 32 12
16.0 8 13
25.0 261 14
3.0 1587 0
10.0 379 1
2.0 26 2
1.0 81 3
3.0 1739 4
26.0 13327 5
20.0 67 6
15.0 2853 7
44.0 999 8
22.0 3450 9
4.0 3843 10
20.0 9872 11
3.0 8 12
31.0 701 13
22.0 57 14
3.0 8257 0
25.0 39 1
0.0 796 2
2.0 490 3
1.0 555 4
19.0 8 5
10.0 117 6
0.0 8 7
16.0 67 8
23.0 34 9
7.0 40 10
2.0 8 11
12.0 5060 12
14.0 1621 13
12.0 2692 14
27.0 42 0
6.0 4353 1
21.0 1496 2
1.0 8 3
8.0 8 4
8.0 8 5
13.0 180 6
2.0 38 7
34.0 8 8
0.0 26769 9
2.0 484 10
10.0 17641 11
44.0 9303 12
8.0 8 13
34.0 2333 14
19.0 35 0
8.0 22 1
4.0 143 2
20.0 672 3
14.0 806 4
16.0 19852 5
65.0 8 6
5.0 34 7
3.0 8 8
2.0 2242 9
17.0 3599 10
15.0 18 11
9.0 63 12
7.0 373 13
3.0 2653 14
44.0 4693 0
28.0 344 1
95.0 72 2
33.0 1888 3
1.0 24 4
43.0 2791 5
15.0 53 6
8.0 3262 7
4.0 25 8
41.0 8242 9
11.0 15 10
17.0 22 11
12.0 1491 12
37.0 7961 13
25.0 8 14
4.0 667 0
6.0 8 1
4.0 20 2
0.0 7009 3
28.0 28 4
20.0 8 5
1.0 30 6
3.0 55 7
3.0 42 8
13.0 156 9
9.0 6203 10
17.0 32 11
1.0 7772 12
24.0 8 13
3.0 4154 14
40.0 42 0
3.0 3013 1
78.0 59 2
6.0 24 3
24.0 8 4
7.0 7559 5
8.0 704 6
50.0 8 7
3.0 24 8
2.0 8 9
2.0 18 10
27.0 22 11
4.0 3194 12
23.0 3810 13
2.0 31 14
0.0 8 0
62.0 8 1
5.0 43 2
13.0 28 3
23.0 45 4
17.0 8 5
16.0 36 6
19.0 712 7
10.0 394 8
23.0 19 9
15.0 8 10
9.0 158 11
29.0 57 12
9.0 565 13
3.0 1491 14
26.0 7059 0
12.0 8 1
5.0 3566 2
37.0 31 3
0.0 6388 4
0.0 23 5
2.0 1485 6
7.0 65 7
29.0 4044 8
10.0 1335 9
23.0 34 10
5.0 1239 11
22.0 4371 12
24.0 73 13
33.0 22 14
2.0 26 0
15.0 59 1
39.0 16 2
2.0 42 3
8.0 5933 4
9.0 8 5
11.0 35 6
53.0 1790 7
11.0 36 8
5.0 6350 9
29.0 1063 10
34.0 20 11
4.0 360 12
4.0 49 13
38.0 71 14
4.0 73 0
23.0 1174 1
11.0 22 2
3.0 8 3
12.0 24 4
28.0 19 5
12.0 26 6
33.0 54 7
19.0 28 8
4.0 8 9
7.0 20 10
4.0 8 11
31.0 45 12
4.0 58 13
6.0 8 14
5.0 543 0
26.0 521 1
50.0 143 2
16.0 2905 3
1.0 66 4
12.0 8 5
44.0 8680 6
22.0 22 7
48.0 123 8
2.0 22 9
16.0 2649 10
22.0 169 11
23.0 31 12
56.0 1531 13
35.0 2663 14
24.0 115 0
3.0 27115 1
42.0 8 2
48.0 11724 3
8.0 21 4
29.0 27 5
32.0 150 6
1.0 184 7
8.0 23 8
25.0 9 9
39.0 458 10
3.0 27 11
60.0 3579 12
22.0 1161 13
6.0 21 14
18.0 1602 0
16.0 26 1
19.0 8 2
39.0 24 3
2.0 1601 4
12.0 8 5
20.0 372 6
5.0 20 7
3.0 1282 8
12.0 568 9
42.0 3382 10
5.0 37 11
26.0 32 12
14.0 3672 13
110.0 5412 14
12.0 8 0
7.0 11 1
0.0 536 2
5.0 9069 3
3.0 5883 4
7.0 706 5
8.0 48 6
12.0 1435 7
22.0 7052 8
6.0 1160 9
51.0 73 10
40.0 2311 11
32.0 542 12
4.0 46 13
7.0 451 14
5.0 74 0
4.0 20 1
29.0 173 2
2.0 245 3
1.0 8 4
30.0 21 5
0.0 371 6
21.0 5765 7
13.0 8 8
53.0 855 9
2.0 25 10
0.0 19 11
22.0 26 12
31.0 495 13
34.0 326 14
3.0 27 0
4.0 5897 1
15.0 22 2
13.0 159 3
15.0 37 4
0.0 8 5
21.0 8 6
7.0 63 7
6.0 29 8
13.0 8 9
53.0 8 10
2.0 2870 11
36.0 2336 12
5.0 40 13
4.0 378 14
2.0 30 0
7.0 641 1
1.0 19 2
6.0 11 3
20.0 37 4
9.0 62 5
14.0 7339 6
6.0 44 7
21.0 8 8
12.0 1304 9
21.0 16 10
22.0 8 11
4.0 47 12
61.0 5575 13
7.0 11 14
4.0 21 0
3.0 3733 1
68.0 23 2
2.0 70 3
12.0 3400 4
10.0 20 5
11.0 14 6
24.0 19 7
1.0 8 8
10.0 820 9
9.0 988 10
44.0 5980 11
13.0 68 12
39.0 1830 13
15.0 1011 14
1.0 57 0
31.0 1656 1
30.0 9547 2
0.0 22 3
1.0 5746 4
6.0 11 5
11.0 71 6
4.0 20 7
30.0 8 8
4.0 5328 9
6.0 41 10
46.0 8 11
5.0 22 12
10.0 36 13
4.0 23 14
11.0 12 0
6.0 52 1
43.0 8295 2
17.0 8 3
5.0 25 4
7.0 384 5
10.0 25 6
6.0 24 7
24.0 1228 8
12.0 6274 9
21.0 4202 10
5.0 8 11
37.0 74 12
3.0 21 13
1.0 5800 14
11.0 31 0
3.0 23 1
16.0 10 2
61.0 8 3
33.0 139 4
6.0 21118 5
4.0 58 6
48.0 47 7
2.0 8 8
6.0 8 9
54.0 8 10
2.0 25952 11
12.0 20682 12
25.0 16 13
53.0 19 14
7.0 29 0
46.0 111 1
51.0 36 2
17.0 1073 3
3.0 52 4
4.0 26863 5
22.0 14 6
13.0 8 7
13.0 25 8
10.0 54 9
6.0 4493 10
59.0 66 11
4.0 18398 12
6.0 165 13
2.0 33 14
1.0 1107 0
15.0 82 1
29.0 1089 2
3.0 9 3
13.0 144 4
4.0 4149 5
19.0 54 6
21.0 62 7
32.0 1051 8
29.0 21 9
27.0 8 10
17.0 1109 11
22.0 31 12
2.0 8 13
3.0 46 14
9.0 10 0
5.0 63 1
2.0 8 2
25.0 52 3
8.0 3597 4
6.0 48 5
20.0 73 6
28.0 58 7
8.0 6301 8
6.0 8 9
6.0 64 10
7.0 8 11
27.0 8 12
11.0 2526 13
1.0 654 14
17.0 56 0
9.0 17 1
13.0 4206 2
15.0 1337 3
0.0 40 4
14.0 27 5
26.0 8 6
13.0 61 7
16.0 413 8
14.0 3548 9
10.0 209 10
9.0 22 11
18.0 18 12
27.0 8 13
2.0 38 14
5.0 8 0
16.0 759 1
8.0 2694 2
4.0 8 3
10.0 1232 4
8.0 8 5
21.0 8 6
12.0 120 7
26.0 3696 8
50.0 8 9
22.0 23 10
13.0 402 11
13.0 20 12
7.0 5014 13
2.0 18495 14
10.0 26 0
1.0 8 1
29.0 13514 2
14.0 1521 3
3.0 2057 4
39.0 176 5
3.0 460 6
10.0 17 7
30.0 1941 8
5.0 8 9
18.0 3870 10
0.0 5400 11
10.0 65 12
12.0 1644 13
34.0 53 14
13.0 25 0
38.0 67 1
7.0 8 2
2.0 105 3
5.0 28 4
41.0 18 5
29.0 4088 6
12.0 43 7
32.0 51 8
6.0 53 9
0.0 1898 10
1.0 34 11
3.0 585 12
1.0 24 13
0.0 43 14
50.0 3410 0
4.0 15 1
12.0 1261 2
10.0 14 3
6.0 4414 4
3.0 399 5
69.0 19713 6
39.0 10 7
28.0 30 8
1.0 3004 9
6.0 320 10
0.0 30 11
25.0 8 12
20.0 146 13
58.0 20 14
4.0 2731 0
21.0 39 1
1.0 13 2
4.0 27 3
10.0 424 4
31.0 1481 5
3.0 771 6
30.0 25 7
48.0 1802 8
0.0 8 9
21.0 71 10
1.0 17 11
1.0 108 12
13.0 8 13
34.0 8 14
39.0 1623 0
7.0 8 1
11.0 8 2
4.0 8 3
12.0 32 4
52.0 1586 5
17.0 822 6
6.0 4444 7
7.0 330 8
45.0 57 9
7.0 159 10
61.0 98 11
13.0 7743 12
60.0 2834 13
22.0 66 14
35.0 3972 0
10.0 1008 1
20.0 34 2
5.0 691 3
31.0 22 4
3.0 21 5
7.0 1044 6
1.0 23133 7
16.0 43 8
52.0 38 9
18.0 82 10
55.0 20 11
16.0 1847 12
15.0 3555 13
12.0 23 14
10.0 959 0
5.0 68 1
12.0 9735 2
51.0 4644 3
6.0 54 4
3.0 12147 5
25.0 25 6
9.0 9 7
8.0 72 8
28.0 8 9
76.0 8 10
19.0 8 11
6.0 22 12
5.0 67 13
25.0 63 14
6.0 8 0
13.0 1472 1
25.0 174 2
4.0 23 3
6.0 19 4
10.0 8 5
17.0 1862 6
28.0 1791 7
1.0 4105 8
7.0 1229 9
3.0 121 10
9.0 854 11
33.0 8 12
41.0 1256 13
10.0 69 14
47.0 8 0
18.0 1137 1
6.0 3247 2
16.0 685 3
9.0 1236 4
73.0 1896 5
41.0 169 6
2.0 59 7
38.0 7095 8
1.0 2337 9
6.0 1062 10
54.0 66 11
18.0 40 12
21.0 51 13
12.0 8 14
37.0 8635 0
1.0 21 1
6.0 36 2
15.0 52 3
3.0 115 4
2.0 20970 5
10.0 270 6
8.0 8 7
2.0 8771 8
15.0 8 9
15.0 8 10
12.0 37 11
3.0 74 12
18.0 3954 13
6.0 8803 14
12.0 61 0
20.0 8 1
32.0 8 2
22.0 9034 3
26.0 49 4
4.0 1451 5
1.0 3208 6
3.0 564 7
13.0 1013 8
31.0 2679 9
52.0 8396 10
12.0 38 11
4.0 8 12
22.0 14 13
55.0 15 14
20.0 8 0
10.0 92 1
23.0 1975 2
16.0 248 3
9.0 24 4
38.0 1424 5
32.0 8 6
2.0 1680 7
8.0 62 8
2.0 1158 9
26.0 26694 10
3.0 8 11
21.0 8 12
6.0 8 13
7.0 100 14
15.0 1150 0
23.0 8 1
22.0 9 2
18.0 9172 3
2.0 239 4
4.0 8393 5
13.0 6987 6
13.0 59 7
13.0 23 8
18.0 36 9
11.0 29 10
14.0 2968 11
3.0 8 12
4.0 49 13
6.0 8 14
21.0 8 0
28.0 1490 1
4.0 891 2
57.0 53 3
3.0 8 4
7.0 8 5
4.0 33 6
62.0 9346 7
7.0 20 8
7.0 54 9
23.0 8 10
11.0 1653 11
46.0 39 12
30.0 129 13
63.0 73 14
9.0 23 0
1.0 56 1
16.0 8 2
2.0 399 3
21.0 134 4
45.0 2250 5
6.0 8 6
11.0 171 7
50.0 8 8
1.0 961 9
22.0 12 10
64.0 150 11
5.0 8 12
18.0 8 13
7.0 8 14
3.0 138 0
0.0 27 1
21.0 100 2
16.0 963 3
11.0 63 4
4.0 39 5
0.0 936 6
8.0 3643 7
17.0 164 8
19.0 6596 9
6.0 2492 10
21.0 263 11
28.0 37 12
2.0 8 13
3.0 8 14
17.0 273 0
12.0 384 1
16.0 43 2
3.0 8 3
35.0 8 4
6.0 57 5
23.0 107 6
12.0 243 7
10.0 240 8
19.0 52 9
9.0 8 10
4.0 2893 11
27.0 20 12
11.0 364 13
1.0 65 14
47.0 24 0
7.0 8 1
8.0 117 2
26.0 8 3
7.0 1509 4
1.0 1052 5
2.0 6825 6
21.0 8 7
2.0 21 8
48.0 57 9
8.0 45 10
3.0 8 11
1.0 34 12
8.0 13 13
0.0 137 14
14.0 366 0
5.0 8 1
3.0 1267 2
26.0 398 3
11.0 2819 4
10.0 127 5
51.0 25 6
36.0 3373 7
3.0 38 8
38.0 118 9
15.0 142 10
5.0 1206 11
13.0 9379 12
22.0 3474 13
3.0 51 14
