5.0 8731 2
48.0 4774 3
4.0 8 4
8.0 1277 5
1.0 146 6
4.0 9 7
2.0 18 8
12.0 6456 9
24.0 6916 10
12.0 43 11
14.0 1237 12
3.0 40 13
23.0 19 14
6.0 24 0
5.0 55 1
22.0 17 2
37.0 51 3
26.0 7773 4
52.0 5552 5
7.0 746 6
11.0 2386 7
21.0 3616 8
10.0 69 9
28.0 1401 10
12.0 24 11
6.0 9226 12
12.0 23 13
14.0 37 14
3.0 146 0
11.0 23 1
19.0 4443 2
13.0 68 3
46.0 23 4
8.0 169 5
37.0 3825 6
36.0 99 7
2.0 9653 8
22.0 692 9
4.0 1732 10
22.0 31 11
25.0 1618 12
16.0 1239 13
27.0 18 14
10.0 40 0
7.0 53 1
4.0 19 2
28.0 934 3
14.0 1282 4
22.0 19 5
33.0 342 6
13.0 36 7
3.0 21 8
41.0 8786 9
2.0 94 10
16.0 8 11
21.0 19 12
16.0 134 13
10.0 22 14
0.0 137 0
6.0 8 1
3.0 8 2
15.0 69 3
30.0 13822 4
11.0 47 5
32.0 144 6
2.0 49 7
21.0 45 8
3.0 67 9
30.0 31 10
7.0 800 11
12.0 3817 12
30.0 38 13
34.0 8 14
16.0 22 0
12.0 20 1
15.0 1371 2
57.0 7046 3
30.0 8 4
45.0 71 5
2.0 1777 6
12.0 258 7
31.0 12331 8
2.0 8 9
58.0 19 10
9.0 46 11
25.0 25 12
34.0 5062 13
5.0 122 14
16.0 3061 0
55.0 67 1
5.0 64 2
11.0 594 3
13.0 8 4
4.0 72 5
22.0 458 6
76.0 903 7
18.0 38 8
7.0 8 9
12.0 8 10
55.0 423 11
36.0 8 12
91.0 40 13
16.0 72 14
23.0 393 0
15.0 29 1
22.0 8 2
22.0 1198 3
7.0 9832 4
15.0 1973 5
27.0 20 6
23.0 960 7
19.0 30 8
19.0 4514 9
2.0 8 10
55.0 57 11
43.0 1659 12
1.0 3981 13
17.0 1092 14
15.0 44 0
21.0 512 1
3.0 39 2
28.0 9222 3
12.0 569 4
26.0 671 5
37.0 2012 6
54.0 429 7
13.0 3483 8
20.0 159 9
9.0 1063 10
8.0 409 11
25.0 1101 12
17.0 11 13
8.0 6533 14
17.0 1368 0
33.0 17 1
0.0 19 2
15.0 1869 3
60.0 1911 4
29.0 8 5
29.0 8 6
19.0 8 7
3.0 20 8
52.0 8 9
49.0 21 10
41.0 8 11
35.0 27086 12
18.0 8 13
22.0 328 14
23.0 65 0
7.0 69 1
33.0 26 2
3.0 74 3
10.0 20 4
16.0 9 5
8.0 1786 6
38.0 89 7
4.0 2779 8
8.0 1605 9
38.0 1374 10
2.0 946 11
55.0 8949 12
30.0 668 13
6.0 633 14
0.0 8 0
50.0 3128 1
0.0 1399 2
15.0 2427 3
69.0 4853 4
15.0 45 5
1.0 877 6
16.0 1748 7
13.0 8 8
1.0 47 9
1.0 2182 10
15.0 601 11
12.0 8596 12
4.0 10206 13
31.0 21 14
23.0 8 0
73.0 142 1
35.0 46 2
12.0 21 3
25.0 8 4
22.0 383 5
3.0 45 6
13.0 3646 7
55.0 4415 8
9.0 9 9
37.0 8 10
46.0 2903 11
16.0 19 12
44.0 8 13
73.0 53 14
11.0 93 0
1.0 49 1
37.0 464 2
16.0 183 3
23.0 32 4
8.0 1461 5
19.0 310 6
3.0 1655 7
19.0 22 8
31.0 873 9
45.0 323 10
9.0 697 11
20.0 27 12
10.0 8 13
7.0 8 14
11.0 6388 0
4.0 8030 1
6.0 51 2
14.0 905 3
13.0 278 4
12.0 9 5
16.0 25 6
5.0 63 7
21.0 149 8
13.0 940 9
14.0 3478 10
67.0 8 11
18.0 8845 12
8.0 7535 13
6.0 8 14
4.0 51 0
11.0 73 1
3.0 8 2
15.0 194 3
6.0 38 4
25.0 263 5
20.0 25 6
17.0 5847 7
1.0 4132 8
15.0 261 9
11.0 1229 10
25.0 35 11
20.0 63 12
50.0 8 13
11.0 8 14
9.0 30 0
10.0 28 1
42.0 105 2
3.0 13 3
5.0 1725 4
41.0 7023 5
27.0 67 6
37.0 8399 7
54.0 57 8
2.0 72 9
17.0 8 10
4.0 8 11
18.0 132 12
32.0 8 13
21.0 58 14
6.0 43 0
12.0 8 1
2.0 8 2
24.0 161 3
65.0 1714 4
13.0 261 5
32.0 54 6
38.0 27984 7
40.0 1818 8
100.0 149 9
18.0 121 10
40.0 22 11
6.0 981 12
3.0 41 13
25.0 603 14
23.0 14 0
31.0 43 1
26.0 3952 2
21.0 8546 3
45.0 24739 4
22.0 1045 5
4.0 8 6
40.0 65 7
55.0 73 8
4.0 17566 9
88.0 19 10
12.0 8 11
17.0 17 12
3.0 74 13
39.0 8 14
4.0 3366 0
9.0 8 1
5.0 25 2
7.0 8 3
89.0 131 4
23.0 48 5
23.0 185 6
19.0 1255 7
3.0 11 8
23.0 40 9
78.0 865 10
15.0 23 11
33.0 8 12
14.0 8 13
2.0 887 14
0.0 8 0
32.0 5671 1
3.0 42 2
12.0 11204 3
5.0 20 4
83.0 92 5
13.0 490 6
22.0 180 7
2.0 8 8
14.0 8 9
32.0 31 10
7.0 6045 11
86.0 6169 12
26.0 68 13
2.0 32 14
34.0 2994 0
39.0 40 1
1.0 11 2
2.0 101 3
34.0 2469 4
0.0 30 5
11.0 58 6
41.0 8 7
56.0 2896 8
34.0 16 9
0.0 1396 10
6.0 470 11
35.0 751 12
0.0 8 13
52.0 1521 14
13.0 18388 0
9.0 2652 1
16.0 1410 2
87.0 45 3
3.0 23 4
14.0 68 5
41.0 8 6
26.0 910 7
8.0 2490 8
60.0 32 9
11.0 60 10
1.0 26 11
3.0 46 12
11.0 1106 13
20.0 46 14
4.0 3200 0
16.0 8 1
23.0 2568 2
3.0 5338 3
85.0 46 4
8.0 8 5
10.0 23 6
3.0 8 7
48.0 50 8
13.0 71 9
2.0 29 10
10.0 8 11
32.0 420 12
3.0 345 13
9.0 19620 14
41.0 43 0
21.0 20 1
38.0 136 2
23.0 410 3
6.0 8 4
22.0 39 5
9.0 405 6
34.0 1551 7
3.0 63 8
11.0 171 9
12.0 8 10
14.0 8 11
13.0 95 12
33.0 2081 13
6.0 16 14
5.0 62 0
26.0 28 1
9.0 8 2
4.0 21 3
64.0 164 4
2.0 5117 5
15.0 22 6
0.0 484 7
13.0 123 8
10.0 57 9
6.0 58 10
15.0 18747 11
3.0 23 12
13.0 20 13
6.0 13 14
0.0 24 0
16.0 450 1
54.0 1795 2
4.0 8 3
15.0 35 4
20.0 47 5
21.0 70 6
14.0 52 7
1.0 25 8
26.0 25 9
16.0 350 10
2.0 41 11
14.0 26 12
19.0 56 13
42.0 2160 14
15.0 52 0
31.0 56 1
26.0 13 2
10.0 1004 3
44.0 1218 4
15.0 8 5
3.0 908 6
3.0 5162 7
36.0 8 8
20.0 15017 9
6.0 8787 10
89.0 8 11
44.0 90 12
36.0 24623 13
2.0 8743 14
18.0 50 0
2.0 5601 1
15.0 54 2
28.0 3806 3
1.0 42 4
6.0 5799 5
13.0 106 6
26.0 42 7
37.0 8 8
21.0 1852 9
4.0 2733 10
7.0 163 11
23.0 8 12
22.0 3552 13
12.0 797 14
11.0 129 0
23.0 2646 1
2.0 13 2
16.0 231 3
8.0 20 4
40.0 5676 5
20.0 159 6
13.0 16449 7
19.0 133 8
3.0 20 9
6.0 21 10
29.0 1193 11
15.0 46 12
8.0 51 13
19.0 979 14
40.0 8 0
52.0 20 1
6.0 4115 2
2.0 22 3
20.0 65 4
5.0 8 5
60.0 8 6
49.0 18 7
31.0 2180 8
81.0 23 9
7.0 11 10
1.0 23 11
2.0 2301 12
3.0 18 13
15.0 5269 14
11.0 63 0
2.0 31 1
1.0 620 2
0.0 20 3
26.0 21 4
73.0 472 5
9.0 50 6
37.0 8 7
4.0 927 8
26.0 26283 9
27.0 1726 10
29.0 1866 11
10.0 47 12
24.0 151 13
12.0 15 14
30.0 76 0
8.0 348 1
18.0 8 2
19.0 42 3
3.0 9249 4
16.0 58 5
8.0 8008 6
5.0 3715 7
12.0 9255 8
1.0 2817 9
0.0 34 10
14.0 3355 11
14.0 8 12
6.0 6269 13
46.0 63 14
25.0 3315 0
26.0 1079 1
39.0 4713 2
1.0 3994 3
75.0 3978 4
21.0 8 5
9.0 46 6
12.0 14 7
14.0 2586 8
30.0 8 9
89.0 75 10
30.0 443 11
2.0 71 12
10.0 61 13
31.0 58 14
40.0 2983 0
10.0 27 1
22.0 22 2
1.0 19 3
33.0 14 4
14.0 59 5
4.0 8 6
41.0 74 7
1.0 176 8
24.0 19 9
1.0 4858 10
3.0 8 11
8.0 8 12
18.0 500 13
25.0 186 14
23.0 2858 0
0.0 2770 1
11.0 3799 2
26.0 8 3
30.0 523 4
3.0 44 5
47.0 597 6
7.0 18 7
19.0 4463 8
19.0 63 9
24.0 2803 10
36.0 8 11
26.0 26 12
3.0 301 13
1.0 37 14
16.0 8 0
20.0 1836 1
11.0 22 2
3.0 26 3
4.0 18 4
2.0 21 5
33.0 6651 6
18.0 655 7
3.0 462 8
23.0 42 9
15.0 711 10
3.0 8 11
14.0 27 12
8.0 38 13
64.0 8 14
37.0 590 0
3.0 62 1
2.0 16548 2
5.0 19 3
0.0 3217 4
35.0 4096 5
11.0 1654 6
19.0 23 7
14.0 4599 8
11.0 42 9
30.0 57 10
17.0 1739 11
36.0 8 12
19.0 24 13
6.0 30 14
55.0 1203 0
7.0 6625 1
19.0 1808 2
20.0 8 3
14.0 1038 4
3.0 3023 5
6.0 643 6
6.0 24 7
92.0 258 8
10.0 132 9
7.0 16 10
0.0 2937 11
75.0 13 12
8.0 8 13
1.0 55 14
6.0 8 0
33.0 8 1
1.0 1739 2
25.0 90 3
21.0 740 4
15.0 8 5
2.0 32 6
19.0 3018 7
15.0 8 8
2.0 8 9
71.0 18 10
32.0 8 11
24.0 76 12
4.0 8 13
23.0 1319 14
5.0 908 0
4.0 50 1
2.0 8 2
18.0 1638 3
43.0 283 4
7.0 55 5
3.0 165 6
3.0 7119 7
2.0 1073 8
7.0 1060 9
9.0 8 10
1.0 4505 11
15.0 3123 12
11.0 1431 13
13.0 8 14
9.0 8 0
21.0 40 1
16.0 475 2
6.0 27 3
9.0 1130 4
16.0 350 5
19.0 21 6
5.0 8 7
42.0 8 8
1.0 52 9
5.0 8 10
18.0 120 11
9.0 1292 12
7.0 8 13
2.0 12722 14
36.0 28 0
20.0 16233 1
1.0 89 2
94.0 177 3
6.0 1283 4
2.0 29 5
56.0 139 6
29.0 7875 7
5.0 56 8
12.0 47 9
2.0 8 10
2.0 19 11
27.0 19 12
3.0 573 13
2.0 1761 14
3.0 46 0
12.0 7150 1
25.0 57 2
17.0 8 3
16.0 991 4
13.0 1295 5
39.0 51 6
12.0 519 7
9.0 8 8
7.0 4062 9
18.0 46 10
13.0 516 11
12.0 1322 12
63.0 1242 13
1.0 61 14
4.0 8312 0
4.0 51 1
16.0 8 2
78.0 631 3
6.0 8 4
3.0 8 5
39.0 47 6
35.0 74 7
42.0 4110 8
27.0 641 9
10.0 8 10
43.0 26 11
2.0 8473 12
33.0 3686 13
13.0 12 14
75.0 3387 0
23.0 2207 1
10.0 61 2
29.0 16 3
40.0 467 4
28.0 8 5
4.0 32 6
13.0 52 7
3.0 8 8
0.0 28 9
50.0 57 10
3.0 5965 11
13.0 1555 12
86.0 14 13
0.0 1198 14
50.0 8 0
1.0 4619 1
19.0 1528 2
9.0 40 3
8.0 21 4
15.0 2202 5
2.0 263 6
20.0 25258 7
18.0 26 8
1.0 8 9
36.0 8 10
15.0 47 11
19.0 26 12
4.0 240 13
32.0 4285 14
2.0 4990 0
18.0 8 1
51.0 27 2
28.0 2452 3
12.0 49 4
11.0 38 5
13.0 8 6
1.0 6232 7
6.0 4020 8
2.0 6754 9
4.0 2622 10
5.0 12 11
4.0 8 12
3.0 2627 13
43.0 262 14
2.0 40 0
31.0 4130 1
0.0 355 2
44.0 832 3
3.0 6528 4
29.0 2485 5
38.0 84 6
25.0 22 7
2.0 7064 8
13.0 19 9
52.0 6144 10
11.0 153 11
28.0 988 12
13.0 1806 13
4.0 1558 14
16.0 34 0
7.0 36 1
48.0 19236 2
19.0 8 3
1.0 1763 4
8.0 6491 5
2.0 1870 6
11.0 8673 7
1.0 2673 8
4.0 8 9
17.0 25 10
16.0 7269 11
51.0 3836 12
23.0 8 13
10.0 7809 14
19.0 35 0
17.0 3774 1
53.0 1050 2
29.0 23 3
0.0 34 4
11.0 36 5
10.0 18 6
37.0 2448 7
4.0 45 8
58.0 54 9
15.0 55 10
20.0 31 11
12.0 64 12
7.0 71 13
55.0 63 14
9.0 24 0
16.0 67 1
74.0 1188 2
36.0 3734 3
12.0 542 4
79.0 1758 5
3.0 90 6
0.0 8 7
27.0 8 8
92.0 15 9
12.0 8 10
10.0 67 11
19.0 19470 12
8.0 54 13
21.0 8 14
1.0 1569 0
4.0 17 1
27.0 1018 2
4.0 26 3
21.0 4554 4
9.0 12 5
7.0 3637 6
7.0 28 7
1.0 6786 8
5.0 48 9
22.0 130 10
9.0 3444 11
7.0 8 12
20.0 23 13
1.0 8 14
13.0 12 0
3.0 56 1
15.0 16 2
3.0 1702 3
16.0 35 4
21.0 8 5
7.0 3702 6
15.0 868 7
7.0 73 8
15.0 511 9
1.0 53 10
19.0 119 11
0.0 5554 12
1.0 72 13
6.0 12411 14
53.0 114 0
1.0 4661 1
17.0 43 2
14.0 11 3
32.0 13518 4
8.0 21 5
19.0 2164 6
12.0 57 7
38.0 8 8
3.0 1683 9
10.0 67 10
61.0 1266 11
6.0 64 12
13.0 26 13
24.0 18 14
33.0 4565 0
15.0 45 1
16.0 8 2
13.0 20 3
16.0 20459 4
14.0 7262 5
2.0 693 6
30.0 68 7
5.0 822 8
14.0 339 9
21.0 8143 10
16.0 37 11
1.0 12 12
11.0 2003 13
11.0 36 14
4.0 9 0
2.0 45 1
15.0 926 2
6.0 339 3
44.0 39 4
14.0 52 5
20.0 73 6
13.0 978 7
16.0 1970 8
29.0 8 9
21.0 8 10
3.0 1128 11
26.0 1409 12
7.0 53 13
2.0 19 14
7.0 2186 0
0.0 8 1
44.0 32 2
30.0 8 3
12.0 25 4
13.0 1983 5
26.0 56 6
2.0 37 7
11.0 318 8
7.0 8 9
2.0 850 10
3.0 43 11
24.0 173 12
0.0 42 13
20.0 16 14
8.0 190 0
4.0 370 1
10.0 38 2
17.0 150 3
5.0 45 4
3.0 8 5
15.0 324 6
28.0 26 7
19.0 23 8
4.0 21956 9
29.0 84 10
10.0 8 11
11.0 43 12
35.0 69 13
10.0 31 14
0.0 1162 0
64.0 5736 1
11.0 32 2
4.0 7764 3
2.0 45 4
7.0 36 5
26.0 19 6
46.0 2578 7
18.0 8 8
24.0 8 9
76.0 1754 10
19.0 40 11
73.0 8 12
3.0 8300 13
15.0 21 14
13.0 8 0
3.0 16815 1
3.0 10 2
23.0 20 3
0.0 8 4
7.0 857 5
6.0 929 6
33.0 572 7
44.0 186 8
91.0 55 9
1.0 13 10
4.0 22 11
26.0 26 12
5.0 52 13
15.0 48 14
3.0 16 0
20.0 32 1
62.0 7333 2
9.0 142 3
3.0 259 4
5.0 8 5
26.0 14 6
14.0 23 7
33.0 9 8
6.0 6968 9
2.0 19 10
12.0 4144 11
22.0 21997 12
10.0 2237 13
2.0 19 14
17.0 2581 0
4.0 8 1
1.0 924 2
24.0 2698 3
2.0 4286 4
72.0 18 5
23.0 46 6
32.0 2999 7
15.0 4197 8
33.0 24 9
17.0 71 10
63.0 14 11
7.0 21 12
20.0 185 13
6.0 9 14
13.0 71 0
4.0 2131 1
28.0 1640 2
94.0 69 3
4.0 60 4
16.0 67 5
2.0 1308 6
31.0 3220 7
35.0 8 8
3.0 6358 9
8.0 24 10
4.0 37 11
37.0 8 12
8.0 8 13
5.0 40 14
29.0 11703 0
21.0 8 1
11.0 73 2
13.0 8 3
5.0 8229 4
12.0 72 5
19.0 1330 6
83.0 4536 7
40.0 8 8
35.0 48 9
13.0 18 10
38.0 8 11
1.0 18 12
6.0 22 13
22.0 44 14
2.0 3750 0
11.0 20 1
34.0 62 2
19.0 58 3
3.0 27 4
6.0 5762 5
6.0 75 6
22.0 505 7
13.0 6976 8
22.0 38 9
5.0 9126 10
1.0 9 11
17.0 73 12
30.0 46 13
10.0 19 14
3.0 905 0
8.0 53 1
7.0 8 2
17.0 56 3
17.0 853 4
7.0 2134 5
0.0 29 6
1.0 9340 7
13.0 26 8
1.0 57 9
13.0 52 10
34.0 23 11
6.0 63 12
1.0 8 13
10.0 1016 14
41.0 22 0
5.0 1653 1
40.0 4395 2
5.0 46 3
8.0 492 4
24.0 4409 5
57.0 8 6
15.0 1816 7
1.0 44 8
10.0 661 9
23.0 20 10
10.0 32 11
8.0 26 12
3.0 36 13
22.0 5885 14
49.0 8 0
16.0 663 1
7.0 3019 2
1.0 5277 3
4.0 8968 4
2.0 319 5
22.0 12 6
5.0 658 7
7.0 22421 8
9.0 61 9
14.0 8928 10
25.0 8376 11
18.0 30 12
8.0 55 13
37.0 2398 14
24.0 50 0
25.0 45 1
13.0 42 2
8.0 45 3
7.0 64 4
39.0 44 5
1.0 58 6
55.0 8 7
26.0 1272 8
44.0 8 9
16.0 22 10
6.0 1135 11
41.0 90 12
84.0 590 13
39.0 8 14
4.0 25 0
62.0 652 1
12.0 60 2
1.0 9 3
8.0 3456 4
48.0 7590 5
0.0 540 6
5.0 25 7
14.0 46 8
46.0 18 9
22.0 131 10
20.0 70 11
1.0 191 12
2.0 8 13
30.0 12362 14
21.0 70 0
20.0 4254 1
5.0 2344 2
4.0 47 3
26.0 134 4
24.0 17 5
35.0 1729 6
29.0 270 7
1.0 911 8
19.0 504 9
10.0 149 10
46.0 8 11
5.0 8 12
86.0 316 13
5.0 42 14
5.0 196 0
54.0 8 1
7.0 1117 2
37.0 4348 3
39.0 43 4
1.0 1765 5
110.0 16 6
35.0 4221 7
27.0 72 8
4.0 43 9
2.0 40 10
18.0 597 11
3.0 27 12
27.0 1564 13
6.0 4536 14
18.0 63 0
22.0 8 1
1.0 8 2
14.0 870 3
0.0 8 4
18.0 2759 5
14.0 8 6
9.0 8 7
2.0 24 8
4.0 26 9
43.0 70 10
5.0 1800 11
4.0 2779 12
2.0 3469 13
18.0 131 14
27.0 1387 0
67.0 56 1
9.0 8251 2
8.0 1203 3
12.0 31 4
4.0 638 5
6.0 4959 6
14.0 8 7
19.0 32 8
24.0 25 9
22.0 7782 10
31.0 8844 11
1.0 8 12
6.0 25244 13
39.0 7778 14
28.0 48 0
13.0 369 1
14.0 42 2
1.0 19051 3
3.0 24 4
3.0 465 5
11.0 45 6
9.0 17 7
10.0 68 8
108.0 3763 9
6.0 18024 10
15.0 185 11
13.0 1244 12
35.0 8 13
20.0 1424 14
4.0 72 0
31.0 1118 1
9.0 23 2
23.0 5993 3
6.0 8 4
30.0 8 5
18.0 2233 6
16.0 141 7
13.0 8 8
6.0 22 9
5.0 3526 10
4.0 401 11
14.0 49 12
39.0 3307 13
4.0 32 14
42.0 389 0
14.0 134 1
5.0 8 2
25.0 11 3
1.0 16 4
0.0 17 5
3.0 181 6
26.0 71 7
1.0 55 8
18.0 68 9
38.0 8818 10
32.0 526 11
1.0 529 12
3.0 62 13
0.0 13827 14
76.0 150 0
2.0 32 1
28.0 61 2
19.0 357 3
3.0 3393 4
4.0 37 5
75.0 20792 6
11.0 5474 7
1.0 634 8
6.0 4296 9
5.0 8 10
10.0 164 11
16.0 23 12
51.0 6988 13
2.0 23 14
3.0 4251 0
19.0 8 1
2.0 68 2
2.0 8 3
3.0 115 4
4.0 4482 5
43.0 591 6
30.0 2926 7
25.0 18 8
19.0 50 9
23.0 8 10
27.0 8 11
25.0 51 12
4.0 52 13
14.0 8 14
26.0 8 0
30.0 1758 1
0.0 8 2
26.0 2903 3
4.0 8 4
20.0 60 5
26.0 8 6
3.0 20 7
3.0 8 8
17.0 8 9
4.0 4291 10
1.0 8 11
34.0 430 12
16.0 61 13
5.0 21 14
2.0 2373 0
29.0 8 1
4.0 2924 2
15.0 13 3
6.0 8 4
2.0 9422 5
20.0 382 6
17.0 2602 7
4.0 637 8
5.0 11902 9
35.0 25 10
29.0 21 11
29.0 9217 12
10.0 16 13
0.0 592 14
89.0 163 0
0.0 1146 1
13.0 2557 2
14.0 8 3
40.0 8159 4
4.0 8 5
33.0 146 6
10.0 64 7
4.0 8 8
88.0 1139 9
6.0 23 10
8.0 18 11
11.0 1251 12
13.0 1477 13
62.0 6920 14
1.0 111 0
16.0 47 1
11.0 27974 2
20.0 52 3
67.0 491 4
42.0 9122 5
9.0 8257 6
37.0 116 7
1.0 7341 8
28.0 404 9
13.0 11 10
6.0 20 11
10.0 7120 12
105.0 8 13
14.0 69 14
64.0 49 0
3.0 7775 1
87.0 181 2
37.0 4442 3
9.0 8 4
0.0 27 5
39.0 8 6
1.0 3495 7
8.0 8 8
2.0 1523 9
23.0 66 10
39.0 21 11
36.0 4319 12
18.0 29 13
26.0 8 14
6.0 60 0
47.0 22 1
27.0 1497 2
13.0 8 3
24.0 82 4
48.0 8 5
26.0 11 6
26.0 22 7
5.0 30 8
40.0 1048 9
2.0 54 10
16.0 19 11
6.0 8902 12
39.0 65 13
3.0 8 14
27.0 52 0
3.0 20605 1
0.0 43 2
20.0 71 3
24.0 168 4
0.0 1389 5
9.0 8 6
11.0 22 7
1.0 829 8
40.0 23 9
24.0 7616 10
21.0 655 11
1.0 36 12
2.0 5829 13
44.0 971 14
11.0 44 0
3.0 9355 1
14.0 19111 2
1.0 3925 3
34.0 113 4
1.0 1121 5
10.0 1457 6
19.0 76 7
12.0 20 8
31.0 1817 9
12.0 8 10
6.0 19 11
35.0 8 12
27.0 8 13
17.0 3484 14
57.0 8 0
11.0 26 1
3.0 177 2
23.0 24 3
18.0 8 4
8.0 1774 5
18.0 8411 6
18.0 912 7
7.0 29 8
30.0 31 9
23.0 23 10
41.0 1061 11
8.0 50 12
3.0 364 13
15.0 60 14
23.0 23 0
1.0 8 1
14.0 341 2
16.0 4922 3
8.0 1822 4
22.0 751 5
25.0 19 6
0.0 1822 7
50.0 390 8
7.0 2337 9
17.0 105 10
2.0 672 11
15.0 8696 12
13.0 523 13
6.0 55 14
10.0 58 0
15.0 172 1
19.0 5853 2
6.0 3603 3
45.0 73 4
59.0 4693 5
8.0 1819 6
43.0 46 7
69.0 65 8
6.0 296 9
21.0 68 10
17.0 117 11
29.0 1595 12
29.0 2731 13
53.0 8 14
5.0 5931 0
4.0 476 1
36.0 2042 2
52.0 1647 3
25.0 52 4
16.0 9 5
11.0 5235 6
7.0 8 7
23.0 8 8
3.0 27 9
5.0 58 10
11.0 1001 11
71.0 8 12
66.0 2343 13
47.0 8 14
65.0 51 0
18.0 2931 1
11.0 5323 2
0.0 4272 3
63.0 69 4
43.0 8 5
3.0 21 6
69.0 8 7
21.0 37 8
5.0 37 9
24.0 2211 10
14.0 2234 11
18.0 6061 12
20.0 2347 13
15.0 171 14
22.0 41 0
33.0 23 1
6.0 60 2
12.0 38 3
9.0 87 4
23.0 30 5
61.0 39 6
4.0 2883 7
18.0 1492 8
4.0 2682 9
9.0 1296 10
22.0 912 11
17.0 21 12
1.0 4649 13
3.0 11 14
49.0 5369 0
11.0 24 1
13.0 22 2
0.0 9211 3
60.0 672 4
0.0 1577 5
2.0 4582 6
10.0 59 7
40.0 30 8
7.0 825 9
74.0 8 10
5.0 8 11
24.0 8312 12
31.0 172 13
48.0 8 14
7.0 24 0
8.0 1820 1
9.0 2986 2
1.0 23 3
32.0 13721 4
36.0 92 5
12.0 1727 6
83.0 34 7
8.0 25017 8
21.0 8679 9
29.0 1031 10
9.0 9147 11
2.0 1349 12
27.0 24 13
3.0 207 14
13.0 8 0
72.0 15630 1
4.0 32 2
6.0 49 3
11.0 12 4
6.0 19003 5
8.0 928 6
0.0 1275 7
11.0 17 8
1.0 20 9
5.0 24 10
30.0 74 11
45.0 5635 12
47.0 24 13
23.0 40 14
6.0 106 0
34.0 8 1
5.0 467 2
8.0 10 3
64.0 349 4
16.0 20 5
14.0 8 6
56.0 8 7
54.0 8 8
3.0 15795 9
81.0 67 10
1.0 439 11
3.0 49 12
18.0 20 13
20.0 62 14
5.0 8 0
40.0 1235 1
14.0 878 2
23.0 497 3
37.0 491 4
20.0 7650 5
1.0 8 6
7.0 30 7
13.0 1426 8
7.0 3751 9
24.0 12531 10
4.0 8 11
44.0 8 12
39.0 8 13
0.0 100 14
5.0 92 0
32.0 666 1
14.0 60 2
20.0 40 3
3.0 31 4
2.0 65 5
4.0 6766 6
5.0 38 7
5.0 41 8
14.0 45 9
22.0 8 10
6.0 952 11
30.0 1323 12
16.0 14944 13
20.0 19 14
9.0 844 0
12.0 8 1
51.0 1185 2
18.0 7781 3
22.0 8 4
20.0 840 5
39.0 5758 6
28.0 59 7
12.0 37 8
21.0 80 9
15.0 27 10
12.0 28 11
0.0 30 12
7.0 53 13
16.0 1115 14
25.0 2183 0
12.0 21 1
55.0 158 2
8.0 97 3
25.0 2134 4
146.0 44 5
28.0 175 6
16.0 5893 7
13.0 56 8
1.0 8 9
15.0 23 10
40.0 19 11
3.0 22 12
36.0 131 13
11.0 8 14
45.0 1184 0
8.0 6650 1
6.0 34 2
7.0 1794 3
1.0 49 4
37.0 20 5
18.0 8 6
41.0 8005 7
24.0 84 8
6.0 8 9
1.0 122 10
77.0 109 11
1.0 20104 12
33.0 4872 13
21.0 8 14
14.0 59 0
31.0 30 1
14.0 56 2
16.0 21 3
12.0 8 4
5.0 21 5
4.0 1076 6
0.0 169 7
47.0 262 8
24.0 35 9
10.0 97 10
5.0 25 11
27.0 2291 12
11.0 26505 13
18.0 8 14
44.0 8 0
7.0 52 1
57.0 39 2
8.0 8 3
9.0 53 4
1.0 64 5
18.0 32 6
19.0 43 7
6.0 8 8
0.0 8 9
9.0 25 10
38.0 16199 11
28.0 8 12
6.0 23 13
1.0 1745 14
1.0 28 0
1.0 26 1
43.0 58 2
11.0 140 3
15.0 385 4
36.0 3069 5
24.0 73 6
60.0 74 7
21.0 80 8
9.0 50 9
31.0 8 10
24.0 1304 11
15.0 23 12
7.0 27 13
12.0 64 14
4.0 82 0
28.0 215 1
3.0 8 2
13.0 2577 3
15.0 8 4
38.0 8 5
52.0 1566 6
31.0 8 7
2.0 3033 8
2.0 39 9
0.0 8 10
12.0 5856 11
2.0 128 12
1.0 8778 13
16.0 3459 14
5.0 3753 0
24.0 53 1
20.0 8 2
34.0 24 3
37.0 19 4
38.0 2670 5
15.0 1740 6
2.0 1092 7
12.0 58 8
4.0 53 9
68.0 118 10
1.0 2759 11
7.0 1014 12
22.0 1729 13
47.0 10 14
5.0 3201 0
6.0 73 1
13.0 8 2
13.0 4156 3
11.0 42 4
37.0 48 5
21.0 8 6
6.0 16809 7
45.0 27 8
33.0 586 9
30.0 600 10
8.0 1550 11
41.0 440 12
27.0 8052 13
1.0 1687 14
14.0 8 0
0.0 24227 1
6.0 23 2
23.0 39 3
23.0 5684 4
69.0 8 5
43.0 215 6
47.0 5835 7
3.0 49 8
20.0 45 9
9.0 8 10
13.0 8 11
6.0 9330 12
42.0 118 13
16.0 16 14
3.0 154 0
2.0 555 1
36.0 8 2
6.0 13 3
24.0 88 4
50.0 552 5
72.0 8 6
7.0 3747 7
0.0 14 8
11.0 2645 9
42.0 1205 10
31.0 8 11
5.0 729 12
6.0 1440 13
7.0 68 14
119.0 20 0
16.0 2313 1
7.0 1888 2
1.0 7921 3
9.0 19 4
9.0 2288 5
40.0 28 6
49.0 30 7
55.0 880 8
20.0 797 9
69.0 967 10
30.0 327 11
6.0 1505 12
1.0 18 13
33.0 8 14
2.0 1489 0
42.0 11 1
11.0 1011 2
27.0 24965 3
30.0 26 4
8.0 23 5
42.0 7962 6
6.0 22 7
13.0 66 8
0.0 1138 9
1.0 24 10
2.0 18 11
14.0 8 12
25.0 2028 13
37.0 20 14
22.0 1191 0
8.0 2983 1
69.0 8 2
5.0 520 3
67.0 156 4
10.0 793 5
11.0 25 6
2.0 1827 7
55.0 1303 8
15.0 6989 9
18.0 734 10
5.0 51 11
10.0 21 12
9.0 326 13
3.0 57 14
0.0 540 0
27.0 59 1
6.0 67 2
7.0 67 3
5.0 167 4
72.0 895 5
5.0 8 6
17.0 52 7
4.0 8 8
2.0 66 9
21.0 323 10
16.0 1868 11
22.0 860 12
21.0 56 13
24.0 8 14
11.0 32 0
32.0 19 1
1.0 46 2
10.0 21 3
47.0 57 4
58.0 3893 5
29.0 8 6
7.0 686 7
5.0 51 8
15.0 1459 9
50.0 64 10
16.0 8 11
24.0 42 12
12.0 163 13
3.0 57 14
26.0 20 0
84.0 2889 1
25.0 40 2
13.0 21 3
6.0 846 4
24.0 8 5
23.0 29 6
43.0 185 7
103.0 169 8
17.0 72 9
25.0 9216 10
26.0 1808 11
2.0 23 12
9.0 475 13
16.0 8171 14
2.0 34 0
10.0 9099 1
2.0 62 2
43.0 19 3
19.0 2946 4
15.0 29 5
65.0 22186 6
23.0 7324 7
0.0 95 8
39.0 522 9
15.0 423 10
14.0 6453 11
22.0 3737 12
18.0 8697 13
7.0 1560 14
0.0 42 0
17.0 8 1
7.0 677 2
17.0 8 3
1.0 8142 4
1.0 1325 5
24.0 8 6
7.0 3566 7
9.0 503 8
100.0 70 9
23.0 4504 10
7.0 25 11
2.0 21 12
0.0 8 13
4.0 8 14
17.0 2128 0
23.0 23 1
38.0 319 2
65.0 49 3
11.0 12 4
13.0 63 5
20.0 2986 6
10.0 76 7
81.0 1721 8
13.0 33 9
40.0 777 10
0.0 27 11
16.0 52 12
2.0 4413 13
1.0 433 14
11.0 23 0
4.0 175 1
18.0 139 2
9.0 6807 3
3.0 1218 4
15.0 29 5
0.0 8 6
24.0 57 7
9.0 7511 8
28.0 72 9
48.0 241 10
0.0 449 11
4.0 8 12
52.0 116 13
0.0 8 14
12.0 8 0
2.0 6147 1
22.0 1081 2
10.0 1011 3
8.0 2905 4
35.0 134 5
0.0 18 6
8.0 4002 7
115.0 7250 8
3.0 25 9
27.0 288 10
5.0 54 11
22.0 1313 12
54.0 76 13
33.0 27 14
55.0 8 0
50.0 8 1
9.0 2237 2
8.0 984 3
23.0 31 4
3.0 54 5
10.0 24 6
32.0 8 7
18.0 49 8
5.0 789 9
11.0 41 10
31.0 18 11
4.0 8 12
3.0 118 13
17.0 851 14
28.0 61 0
7.0 72 1
56.0 9 2
5.0 1001 3
11.0 1962 4
2.0 6570 5
3.0 21 6
37.0 18 7
24.0 591 8
3.0 10 9
19.0 8 10
24.0 186 11
18.0 27 12
13.0 8 13
12.0 8 14
82.0 187 0
3.0 605 1
3.0 13 2
8.0 21 3
26.0 49 4
2.0 1076 5
12.0 8962 6
12.0 117 7
26.0 25 8
11.0 30 9
20.0 3669 10
6.0 8 11
2.0 18969 12
24.0 7779 13
25.0 39 14
5.0 165 0
42.0 17 1
22.0 45 2
12.0 282 3
12.0 1621 4
2.0 135 5
5.0 18 6
32.0 69 7
20.0 8295 8
16.0 176 9
2.0 673 10
5.0 9 11
69.0 83 12
42.0 2901 13
15.0 25 14
18.0 222 0
118.0 8 1
1.0 7661 2
10.0 207 3
6.0 72 4
7.0 48 5
56.0 22 6
6.0 8 7
2.0 22 8
15.0 626 9
16.0 24 10
6.0 15 11
15.0 8 12
2.0 8 13
4.0 904 14
26.0 34 0
25.0 1138 1
1.0 63 2
41.0 858 3
4.0 15186 4
44.0 2239 5
6.0 8 6
21.0 93 7
26.0 1518 8
3.0 1612 9
3.0 87 10
35.0 6720 11
3.0 23 12
35.0 245 13
26.0 69 14
6.0 21 0
1.0 19 1
0.0 1457 2
37.0 31 3
35.0 8 4
22.0 63 5
40.0 1163 6
11.0 52 7
4.0 8 8
9.0 1532 9
11.0 25 10
9.0 8 11
12.0 2846 12
3.0 8 13
28.0 10 14
24.0 185 0
1.0 6468 1
8.0 38 2
27.0 868 3
13.0 89 4
44.0 21 5
5.0 7024 6
4.0 724 7
5.0 11 8
24.0 26 9
4.0 1747 10
32.0 330 11
32.0 19 12
7.0 188 13
6.0 44 14
11.0 4133 0
1.0 8218 1
45.0 21 2
19.0 35 3
21.0 8 4
83.0 8 5
9.0 22806 6
41.0 26824 7
8.0 49 8
35.0 9 9
6.0 524 10
3.0 879 11
7.0 8 12
17.0 23 13
1.0 6272 14
36.0 5563 0
8.0 2299 1
14.0 34 2
24.0 8919 3
24.0 3700 4
2.0 8 5
0.0 595 6
17.0 63 7
6.0 856 8
9.0 19 9
18.0 53 10
59.0 2550 11
13.0 1872 12
36.0 3038 13
7.0 24318 14
2.0 579 0
23.0 8 1
32.0 61 2
17.0 462 3
44.0 2382 4
32.0 48 5
11.0 4452 6
23.0 32 7
13.0 885 8
9.0 26 9
15.0 8 10
29.0 8 11
2.0 68 12
4.0 8 13
14.0 1615 14
10.0 19 0
7.0 1138 1
24.0 8 2
62.0 33 3
13.0 1562 4
0.0 17 5
14.0 8 6
5.0 4381 7
15.0 8141 8
9.0 20 9
5.0 3117 10
14.0 4317 11
1.0 3115 12
27.0 4627 13
2.0 21 14
22.0 4088 0
2.0 24 1
0.0 3638 2
32.0 10 3
2.0 46 4
6.0 2885 5
16.0 706 6
10.0 8 7
5.0 8561 8
23.0 8 9
0.0 82 10
36.0 61 11
16.0 8 12
5.0 342 13
8.0 3984 14
8.0 124 0
4.0 8 1
7.0 6818 2
49.0 8 3
9.0 3777 4
14.0 1323 5
11.0 23 6
7.0 524 7
15.0 26 8
71.0 10 9
1.0 20 10
27.0 63 11
11.0 15 12
2.0 673 13
43.0 3590 14
16.0 8 0
14.0 1381 1
29.0 62 2
23.0 3422 3
3.0 34 4
13.0 5621 5
20.0 1093 6
40.0 4407 7
19.0 146 8
59.0 24 9
1.0 31 10
7.0 929 11
2.0 185 12
17.0 27 13
1.0 5465 14
36.0 44 0
34.0 39 1
1.0 13 2
38.0 42 3
0.0 68 4
38.0 8 5
21.0 120 6
0.0 25 7
1.0 2730 8
58.0 14438 9
4.0 8 10
8.0 750 11
5.0 1063 12
23.0 74 13
13.0 51 14
5.0 5535 0
1.0 8 1
11.0 25 2
13.0 16 3
5.0 67 4
0.0 39 5
11.0 2637 6
6.0 1160 7
10.0 25 8
3.0 8 9
8.0 8 10
8.0 11 11
5.0 18052 12
35.0 8818 13
4.0 150 14
28.0 8741 0
22.0 2615 1
71.0 1923 2
30.0 5735 3
26.0 914 4
2.0 8 5
19.0 70 6
20.0 8 7
3.0 7348 8
29.0 4473 9
10.0 6665 10
3.0 72 11
13.0 19 12
12.0 38 13
32.0 2396 14
14.0 5104 0
7.0 1107 1
10.0 8 2
4.0 773 3
2.0 18 4
44.0 8 5
15.0 70 6
4.0 8 7
17.0 8 8
19.0 17 9
5.0 138 10
5.0 63 11
8.0 74 12
17.0 8 13
33.0 8 14
16.0 291 0
79.0 688 1
5.0 4329 2
49.0 6453 3
1.0 682 4
9.0 54 5
76.0 11656 6
5.0 1417 7
16.0 1982 8
29.0 38 9
12.0 8 10
5.0 2909 11
18.0 426 12
36.0 2847 13
32.0 21 14
12.0 8 0
15.0 8 1
11.0 8 2
52.0 872 3
6.0 52 4
19.0 1662 5
59.0 1102 6
27.0 8 7
10.0 36 8
12.0 1057 9
18.0 8 10
5.0 3173 11
7.0 8 12
3.0 24 13
11.0 20 14
28.0 8 0
7.0 2206 1
1.0 576 2
12.0 63 3
18.0 32 4
1.0 254 5
8.0 29 6
1.0 2114 7
7.0 1226 8
30.0 52 9
2.0 8 10
6.0 1801 11
52.0 22 12
12.0 1521 13
8.0 1303 14
15.0 44 0
84.0 8 1
4.0 8480 2
62.0 7609 3
48.0 8 4
19.0 1481 5
21.0 502 6
26.0 8 7
1.0 61 8
28.0 67 9
13.0 34 10
63.0 8 11
23.0 706 12
37.0 26 13
59.0 4161 14
48.0 9189 0
50.0 53 1
15.0 72 2
58.0 1510 3
31.0 2977 4
33.0 1322 5
74.0 27872 6
9.0 829 7
22.0 1194 8
17.0 12545 9
22.0 5686 10
53.0 19 11
26.0 5189 12
21.0 4894 13
5.0 8 14
2.0 115 0
17.0 994 1
113.0 15 2
7.0 4066 3
2.0 8 4
13.0 20 5
1.0 151 6
9.0 9 7
61.0 70 8
2.0 15 9
8.0 1407 10
112.0 407 11
13.0 23 12
7.0 46 13
33.0 8 14
99.0 6718 0
45.0 2064 1
13.0 5504 2
3.0 181 3
24.0 1805 4
15.0 19 5
12.0 4066 6
28.0 2117 7
17.0 142 8
37.0 47 9
49.0 1367 10
45.0 288 11
6.0 5663 12
8.0 37 13
34.0 2164 14
28.0 66 0
19.0 17 1
99.0 8 2
6.0 1318 3
13.0 1166 4
12.0 6515 5
2.0 1596 6
2.0 25 7
47.0 25464 8
14.0 6647 9
42.0 8 10
1.0 21 11
38.0 62 12
17.0 3913 13
9.0 3779 14
29.0 8 0
2.0 55 1
38.0 27 2
41.0 8 3
21.0 240 4
7.0 3812 5
28.0 66 6
1.0 8 7
6.0 20 8
65.0 2872 9
3.0 61 10
76.0 172 11
27.0 1662 12
0.0 21 13
28.0 34 14
3.0 46 0
8.0 8 1
25.0 3954 2
4.0 8 3
47.0 23 4
12.0 46 5
35.0 63 6
34.0 15 7
9.0 8 8
77.0 693 9
3.0 46 10
10.0 9018 11
6.0 18343 12
54.0 20 13
128.0 8 14
33.0 72 0
3.0 8 1
8.0 8 2
33.0 6281 3
5.0 66 4
2.0 262 5
7.0 65 6
67.0 39 7
11.0 5264 8
24.0 63 9
65.0 39 10
27.0 65 11
7.0 28227 12
59.0 8 13
9.0 21 14
48.0 48 0
27.0 12 1
9.0 538 2
22.0 13 3
6.0 1389 4
4.0 9032 5
12.0 29 6
36.0 649 7
25.0 20 8
4.0 8 9
39.0 1295 10
29.0 8 11
4.0 69 12
10.0 1514 13
3.0 57 14
14.0 934 0
20.0 46 1
15.0 714 2
38.0 74 3
21.0 54 4
55.0 160 5
1.0 349 6
77.0 8 7
2.0 13 8
18.0 3065 9
11.0 70 10
62.0 1332 11
50.0 182 12
4.0 1394 13
33.0 22 14
30.0 6882 0
1.0 3569 1
1.0 1163 2
12.0 8 3
19.0 150 4
5.0 1340 5
2.0 985 6
1.0 10 7
43.0 103 8
76.0 42 9
8.0 46 10
0.0 8 11
14.0 181 12
5.0 20 13
76.0 15 14
76.0 8 0
7.0 28 1
54.0 8 2
10.0 1068 3
23.0 66 4
39.0 468 5
0.0 961 6
17.0 8 7
4.0 50 8
59.0 8 9
11.0 3253 10
4.0 139 11
14.0 31 12
7.0 8 13
80.0 59 14
9.0 4526 0
21.0 8 1
15.0 8 2
16.0 8 3
2.0 1151 4
123.0 12 5
8.0 431 6
14.0 51 7
29.0 48 8
1.0 17528 9
9.0 1312 10
4.0 39 11
10.0 10 12
37.0 11 13
23.0 110 14
14.0 63 0
3.0 3363 1
144.0 6921 2
9.0 54 3
0.0 795 4
8.0 1171 5
33.0 146 6
19.0 105 7
5.0 1208 8
14.0 41 9
0.0 68 10
28.0 516 11
40.0 39 12
41.0 49 13
59.0 25 14
11.0 31 0
8.0 340 1
44.0 23 2
48.0 643 3
4.0 836 4
58.0 1022 5
16.0 8 6
4.0 2800 7
2.0 284 8
27.0 74 9
125.0 8 10
43.0 26 11
7.0 6496 12
4.0 26 13
33.0 1842 14
29.0 25 0
6.0 1442 1
18.0 792 2
16.0 656 3
4.0 25 4
2.0 14019 5
2.0 3455 6
9.0 8 7
24.0 56 8
60.0 902 9
27.0 25 10
5.0 19 11
7.0 8 12
3.0 8 13
56.0 954 14
3.0 7279 0
19.0 33 1
7.0 1636 2
2.0 1455 3
7.0 39 4
22.0 54 5
12.0 4055 6
1.0 10 7
27.0 19 8
1.0 33 9
16.0 144 10
9.0 13924 11
6.0 8 12
57.0 63 13
3.0 61 14
11.0 8 0
28.0 8 1
59.0 8 2
86.0 22 3
37.0 52 4
4.0 8 5
2.0 283 6
12.0 12616 7
28.0 2030 8
8.0 8 9
9.0 2740 10
22.0 15 11
86.0 122 12
16.0 174 13
5.0 12 14
17.0 5553 0
8.0 2128 1
3.0 21 2
13.0 19 3
17.0 45 4
11.0 15495 5
46.0 325 6
8.0 24698 7
7.0 9221 8
7.0 55 9
23.0 8 10
2.0 54 11
44.0 57 12
26.0 20 13
2.0 2532 14
17.0 2058 0
18.0 8 1
9.0 48 2
68.0 8 3
0.0 51 4
20.0 26 5
11.0 14 6
21.0 3168 7
5.0 8 8
66.0 8 9
11.0 36 10
12.0 2015 11
52.0 8764 12
80.0 20567 13
7.0 1344 14
5.0 906 0
84.0 8 1
2.0 64 2
34.0 328 3
9.0 894 4
3.0 8 5
11.0 8 6
12.0 8 7
1.0 10 8
7.0 35 9
2.0 1840 10
15.0 1471 11
4.0 68 12
82.0 8 13
12.0 4538 14
49.0 40 0
72.0 5827 1
9.0 147 2
20.0 62 3
3.0 23 4
3.0 36 5
18.0 8 6
13.0 1091 7
50.0 8 8
14.0 8 9
14.0 5327 10
2.0 8 11
26.0 15 12
24.0 1046 13
9.0 16 14
13.0 51 0
28.0 437 1
1.0 11 2
32.0 24 3
50.0 4196 4
3.0 1467 5
41.0 1190 6
1.0 1648 7
17.0 3322 8
7.0 8 9
11.0 1823 10
0.0 68 11
26.0 49 12
0.0 1652 13
16.0 113 14
14.0 8 0
39.0 18 1
17.0 9354 2
2.0 8 3
33.0 23 4
70.0 402 5
3.0 29 6
16.0 63 7
23.0 8 8
30.0 274 9
2.0 8 10
11.0 16 11
76.0 55 12
1.0 73 13
6.0 8 14
8.0 227 0
31.0 4755 1
2.0 1693 2
37.0 8490 3
8.0 5270 4
19.0 71 5
2.0 8 6
4.0 25 7
12.0 29 8
6.0 11 9
3.0 161 10
22.0 7450 11
44.0 509 12
17.0 102 13
0.0 364 14
27.0 4107 0
31.0 3996 1
6.0 33 2
6.0 1606 3
44.0 26 4
4.0 2670 5
13.0 153 6
15.0 8 7
8.0 9253 8
32.0 8 9
17.0 52 10
22.0 23 11
28.0 8443 12
29.0 1834 13
23.0 103 14
31.0 1783 0
11.0 18 1
0.0 10323 2
61.0 55 3
17.0 5732 4
43.0 386 5
10.0 8 6
57.0 1704 7
4.0 21 8
9.0 8 9
38.0 30 10
15.0 2563 11
5.0 8 12
1.0 29 13
3.0 23 14
8.0 1009 0
12.0 40 1
28.0 8 2
17.0 8 3
15.0 34 4
11.0 683 5
0.0 41 6
14.0 333 7
5.0 5159 8
18.0 21 9
7.0 4211 10
0.0 25 11
15.0 1575 12
8.0 25 13
66.0 8 14
9.0 275 0
2.0 1932 1
38.0 13 2
14.0 58 3
43.0 27597 4
6.0 25 5
17.0 11 6
33.0 98 7
20.0 8 8
9.0 4451 9
15.0 55 10
13.0 8 11
26.0 25 12
2.0 147 13
17.0 128 14
1.0 8185 0
21.0 2623 1
34.0 318 2
20.0 65 3
39.0 19 4
66.0 655 5
16.0 72 6
17.0 8 7
23.0 8 8
20.0 12 9
3.0 17266 10
35.0 25 11
43.0 8 12
25.0 1668 13
24.0 1695 14
7.0 2817 0
42.0 74 1
16.0 6363 2
18.0 27469 3
9.0 14 4
25.0 12 5
0.0 1517 6
2.0 8 7
28.0 2943 8
38.0 20 9
51.0 59 10
12.0 142 11
11.0 26 12
3.0 58 13
14.0 8 14
24.0 7043 0
11.0 1783 1
7.0 42 2
19.0 1340 3
2.0 48 4
20.0 8 5
8.0 3142 6
29.0 41 7
4.0 7512 8
12.0 36 9
4.0 19 10
1.0 412 11
53.0 4913 12
14.0 1736 13
1.0 57 14
3.0 17 0
15.0 115 1
27.0 39 2
16.0 1079 3
31.0 29 4
69.0 45 5
4.0 8 6
7.0 45 7
15.0 36 8
12.0 16 9
45.0 7631 10
7.0 27 11
32.0 38 12
5.0 187 13
47.0 3846 14
29.0 8 0
12.0 1272 1
10.0 70 2
13.0 40 3
3.0 4522 4
18.0 47 5
18.0 52 6
28.0 29 7
28.0 8 8
1.0 22 9
8.0 25 10
25.0 4844 11
7.0 86 12
13.0 9 13
7.0 8 14
3.0 8 0
17.0 638 1
12.0 8 2
43.0 7016 3
14.0 1197 4
19.0 68 5
6.0 22 6
2.0 23 7
44.0 8 8
39.0 197 9
7.0 8 10
22.0 1076 11
39.0 3387 12
11.0 358 13
8.0 1398 14
2.0 659 0
22.0 8 1
35.0 65 2
10.0 24010 3
16.0 22 4
6.0 8 5
4.0 2846 6
21.0 52 7
1.0 8 8
4.0 11 9
63.0 1984 10
20.0 8 11
60.0 30 12
72.0 25 13
2.0 3382 14
6.0 8 0
2.0 20 1
12.0 72 2
3.0 33 3
7.0 4538 4
7.0 8 5
39.0 7945 6
14.0 158 7
3.0 1545 8
13.0 53 9
18.0 9056 10
7.0 11 11
40.0 8 12
4.0 8 13
15.0 22 14
5.0 8 0
8.0 30 1
32.0 27 2
16.0 15 3
27.0 48 4
20.0 29 5
19.0 1342 6
1.0 251 7
49.0 43 8
13.0 8 9
26.0 65 10
22.0 69 11
11.0 510 12
7.0 5342 13
6.0 180 14
13.0 88 0
6.0 8 1
16.0 804 2
27.0 5127 3
8.0 179 4
4.0 17 5
7.0 4010 6
16.0 11 7
11.0 2176 8
6.0 602 9
4.0 30 10
40.0 565 11
6.0 8 12
14.0 62 13
28.0 8 14
8.0 2168 0
13.0 30 1
18.0 1153 2
2.0 5779 3
26.0 1996 4
10.0 8 5
6.0 51 6
15.0 103 7
3.0 30 8
7.0 21 9
28.0 26 10
7.0 59 11
15.0 80 12
7.0 23 13
18.0 54 14
25.0 36 0
5.0 8 1
16.0 11 2
17.0 20619 3
2.0 390 4
29.0 22 5
89.0 51 6
30.0 1788 7
19.0 22427 8
11.0 337 9
7.0 8 10
43.0 134 11
19.0 1814 12
3.0 9214 13
23.0 65 14
1.0 8 0
24.0 8 1
6.0 251 2
25.0 8 3
6.0 42 4
3.0 298 5
30.0 8 6
9.0 42 7
46.0 40 8
7.0 23 9
12.0 8 10
79.0 31 11
1.0 50 12
13.0 8 13
25.0 66 14
27.0 9391 0
35.0 504 1
105.0 33 2
11.0 37 3
12.0 990 4
13.0 6197 5
57.0 3717 6
15.0 360 7
4.0 1472 8
44.0 54 9
32.0 4352 10
32.0 111 11
4.0 712 12
6.0 24 13
6.0 8 14
17.0 25 0
2.0 46 1
8.0 60 2
3.0 18 3
25.0 2145 4
2.0 24 5
45.0 20 6
4.0 8272 7
17.0 16 8
5.0 55 9
1.0 41 10
14.0 65 11
11.0 20 12
21.0 68 13
5.0 8 14
40.0 4845 0
10.0 1495 1
38.0 8 2
13.0 22 3
14.0 66 4
13.0 26 5
39.0 1624 6
8.0 1782 7
0.0 35 8
50.0 1626 9
5.0 8 10
19.0 4155 11
1.0 42 12
5.0 8 13
27.0 142 14
33.0 8 0
19.0 95 1
19.0 1284 2
24.0 363 3
22.0 5375 4
6.0 2947 5
7.0 26 6
22.0 6173 7
24.0 4084 8
7.0 13 9
55.0 48 10
19.0 1326 11
10.0 8 12
46.0 36 13
17.0 51 14
2.0 8 0
11.0 47 1
30.0 2714 2
36.0 60 3
31.0 8 4
7.0 1789 5
16.0 1675 6
18.0 103 7
18.0 52 8
32.0 27 9
15.0 1663 10
9.0 86 11
13.0 8 12
23.0 52 13
27.0 638 14
35.0 37 0
34.0 22 1
37.0 20 2
38.0 8 3
8.0 8 4
7.0 499 5
18.0 73 6
39.0 8 7
4.0 4049 8
11.0 2924 9
28.0 67 10
5.0 26344 11
9.0 8 12
5.0 52 13
5.0 21676 14
1.0 21 0
27.0 24 1
3.0 751 2
5.0 8 3
46.0 8 4
6.0 17 5
26.0 8 6
42.0 3895 7
0.0 17569 8
8.0 1392 9
18.0 2112 10
7.0 91 11
4.0 17 12
16.0 124 13
16.0 52 14
3.0 1694 0
7.0 2422 1
90.0 8567 2
18.0 13 3
39.0 854 4
42.0 35 5
35.0 817 6
27.0 10 7
36.0 13 8
2.0 1408 9
44.0 44 10
10.0 33 11
28.0 8 12
90.0 40 13
25.0 16 14
1.0 7021 0
33.0 8 1
10.0 15382 2
46.0 8416 3
0.0 25 4
7.0 24 5
11.0 20 6
6.0 24846 7
5.0 1167 8
14.0 28012 9
11.0 19 10
8.0 8002 11
31.0 219 12
16.0 18 13
36.0 8 14
64.0 6349 0
34.0 17 1
23.0 120 2
21.0 44 3
1.0 7197 4
2.0 16 5
53.0 62 6
0.0 3944 7
2.0 11 8
3.0 71 9
26.0 461 10
13.0 169 11
15.0 34 12
24.0 26 13
11.0 1729 14
3.0 921 0
0.0 59 1
28.0 23 2
47.0 1250 3
13.0 1317 4
41.0 75 5
3.0 72 6
18.0 10797 7
6.0 8 8
2.0 24 9
1.0 1127 10
21.0 1801 11
2.0 8 12
45.0 56 13
3.0 1879 14
1.0 435 0
24.0 363 1
10.0 1363 2
22.0 442 3
30.0 8 4
40.0 26 5
1.0 65 6
0.0 9 7
16.0 8 8
9.0 34 9
32.0 8 10
5.0 27 11
19.0 13657 12
51.0 1536 13
36.0 52 14
3.0 1150 0
67.0 1190 1
23.0 18 2
19.0 18 3
24.0 116 4
25.0 8121 5
11.0 66 6
28.0 701 7
9.0 113 8
57.0 50 9
6.0 135 10
21.0 154 11
26.0 24647 12
4.0 569 13
57.0 19 14
0.0 13 0
3.0 545 1
16.0 8 2
15.0 22 3
20.0 1413 4
18.0 16 5
34.0 54 6
8.0 53 7
10.0 8 8
8.0 32 9
3.0 45 10
3.0 162 11
34.0 32 12
1.0 650 13
2.0 57 14
4.0 50 0
5.0 546 1
